	AHR	ARID1A	ARRDC3	ATL1	BAK1	BCL2L11	BCORL1	BCR	BPGM	C19orf26	C3orf72	CBFA2T3	CBL	CDKN1A	CDKN1B	CDKN1C	CEBPA	CEBPB	CEBPE	CELF2	CITED1	CKS1B	CLDN6	CNN1	CNNM4	COL1A1	COL2A1	CSRNP1	DLX2	DUSP9	EGR1	ELMSAN1	ETS2	FEV	FOSB	FOXA1	FOXA3	FOXF1	FOXL2	FOXO4	GCH1	GLB1L2	HES7	HK2	HNF4A	HOXA13	HOXB9	HOXC13	IER5L	IGDCC3	IKZF3	IRF1	ISL2	JUN	KIAA1804	KIF18B	KIF2C	KLF1	KMT2A	LHX1	LYL1	MAML2	MAP2K3	MAP2K6	MAP4K3	MAP4K5	MAP7D1	MAPK1	MCOLN3	MEIS1	MIDN	NCL	NIT1	OSR2	PEG10	PIK3CB	PLEKHO2	PLK4	POU3F2	PRDM1	PRTG	PTPN1	PTPN12	PTPN13	PTPN9	RHOXF2	RREB1	RUNX1T1	S1PR2	SAMD1	SET	SGK1	SLC38A2	SLC4A1	SLC6A9	SNAI1	SPI1	STIL	TBX2	TBX3	TGFBR2	TMEM173	TMSB4X	TP73	TSC22D1	UBASH3A	UBASH3B	ZBTB1	ZBTB10	ZBTB25	ZC3HAV1	ZNF318
AHR	3.25144681371	-1.76493674464	0.750670308198	-0.2377659652	-0.470196301394	0.266426791153	-0.149029668425	-2.8948263293	1.0704243862	0.755252403864	-0.526182966136	-1.46978111414	-1.16572561349	0.658735575308	1.92244375634	-0.478304521625	-1.76615784929	-0.281501748931	-1.20601441696	-1.84214850354	0.282428100502	0.388842211843	1.16046120943	0.529937558586	0.0270739968963	0.461491659565	-0.275082215016	5.15418856021	-0.695934042475	-1.43596443126	-0.0679612529592	-4.71126199744	-3.67567666676	-5.02774293854	-1.89626056277	0.210441757575	-0.519111509175	-1.95881815311	-0.506655058631	0.138163037758	1.11719600203	0.232279717305	0.975733693312	1.72987602943	1.81154323449	-0.424960444631	-0.32840883847	-0.669504537294	-2.39121864702	-1.04013590695	-0.275498343186	-1.5954279197	0.167329117668	-0.393627159853	-0.592537753646	0.425070022184	-0.5297306807	8.10884922316	-1.27328506698	-1.57234005324	0.0251652684492	0.613337747435	0.190863116556	-1.49793127573	1.51097097156	1.82183874167	-0.413924200394	-4.08473959014	-0.21475008134	-2.15915773592	0.961242507743	-2.67746418228	0.1224908183	-0.270872666517	0.960095977775	0.470886789266	0.850613855383	-0.647787026081	-2.74356272638	-0.231565796047	0.0820345863019	0.615079387759	0.921483173096	1.3610658365	-0.211969354856	-1.99921127955	1.33880225711	-1.62782127903	-0.160310751488	-0.932364112667	-0.434959686732	1.48792994307	-2.53649740327	0.451130680264	-1.33383276002	0.314206000457	0.679205550318	0.973803566692	3.68798089043	3.55842179378	-0.167571570584	0.143065951007	0.999352639191	-0.0646462273786	0.742918030537	0.189924149543	-0.70749160344	0.902518404631	0.560174264007	2.8959178174	4.09605760757	-2.2425694648
ARID1A	-1.76493674464	5.85814086245	0.566831367911	-1.05331744503	-1.20347888091	2.40143533152	-1.09068449837	0.586664823985	-1.39878633278	1.02133897513	-0.474317387629	-3.53918580261	0.124589994331	0.290321313204	-0.428562538997	1.17203768636	0.0701113525357	0.829078958692	3.17594176556	1.79341380042	-1.08087397433	-0.400063209676	1.39749622238	1.21352875168	-0.644069201931	1.62102441196	-0.905664200526	0.963667498125	-2.99618423956	1.98020489359	0.42018186565	-1.36665594406	-2.81342307123	0.393242670488	1.39241495613	-1.309492864	-2.17727168815	-2.73248025022	-1.61505106245	1.6325345979	1.19456427453	1.53354949862	-0.0461086848825	1.72947941856	1.89849520672	0.21408328287	-1.82212055998	2.22832311471	1.45071486265	2.24268995494	-1.58944460673	2.38347784132	-1.41689377859	-0.239523868674	0.386482599148	2.89022195639	1.48712853579	2.11836699784	-0.754312944379	-0.700492854424	1.90867049222	1.58613307697	1.78712877971	0.672289950581	-1.48784993283	-0.100084366427	-0.674341521017	-1.77441244938	-0.199624515892	-0.98580890851	-0.261452460803	-3.39280782389	1.13320903019	2.38504873704	-2.71646198412	1.30880670213	0.523743061164	2.91286702906	-1.45666542774	0.102586212392	-2.16357595485	-0.934465933831	-0.568829239108	0.673749769733	-1.15341675612	-0.258936203887	-0.184477565324	-1.4084711999	-1.96764751748	-0.474293239384	0.414759747544	2.02510124815	0.276881520507	-0.736075901878	0.593106914872	-3.70866138936	0.629086724481	1.8178429585	-1.14507034817	-1.73363048524	1.69730979861	0.321472270461	0.248135346283	1.48528755153	-0.34013471356	0.159331325157	-0.962795132463	0.503796491708	-1.02533203537	0.781187922559	0.525223488849	-1.01585038749
ARRDC3	0.750670308198	0.566831367911	0.702131335024	0.878147522545	2.8138674781	0.566638943231	-1.07275746224	-0.451576776428	-0.874086310946	-0.198190062111	-0.230417721358	0.027706499523	0.997376498608	0.0294423097677	0.0842532169456	0.995864646225	3.79683733892	0.489197907867	0.913129885687	0.459236595674	-1.94055773843	0.000167733481658	0.166353500936	1.20313924518	-1.92550861714	0.0709418100925	2.54025056	-0.454918521383	-0.592767487891	-0.575820381072	-1.19891146466	0.0742241309356	-2.5904674558	2.71803721083	0.729955664418	-0.812060102297	-0.828123848908	-1.02002133097	-1.31507830013	0.162499158996	-1.40000756231	-0.733513361354	-0.460240500664	-0.924161845365	-0.152653134318	-0.838303774412	-0.698306743344	2.34179825803	0.197163293509	-0.319093261436	-1.23072382655	-1.63027220769	-0.41341701382	1.19861584215	1.20711342726	1.65682108679	0.759483880809	-0.489500754855	-0.833628952234	-1.15296488744	-0.0879976019087	2.23256035098	0.148970206041	-0.558979233913	-0.998685804349	-2.20895687046	1.74621998156	-2.1582340345	-1.03798855432	-0.393672084114	0.698117496942	-0.50141203988	-1.19038261905	0.479601306997	1.56307535075	0.825901171174	0.0177770348374	1.51620212162	1.55103345212	-3.22144946548	-3.5200574651	0.29056977139	0.951429040769	-1.74796651997	-0.152903528963	0.580157081947	-0.621852267191	-1.67563842872	-2.29739614239	-1.78461577162	-0.730217622186	0.875188819772	8.87183038076	-1.64885615117	2.30640569736	-0.398285827267	-0.0453760475724	-0.167534033203	-2.07037060834	-2.81084101157	0.377627581507	0.913364937948	-0.827863532867	2.95157243017	0.364544282004	-0.103082230704	1.60754157596	0.163387328548	0.661026676791	-0.0460378346263	-3.57931724081	1.48491101881
ATL1	-0.2377659652	-1.05331744503	0.878147522545	5.20449790228	1.06723570099	-0.77073324024	0.366154044539	-1.99169337602	-0.388092535834	-2.26548075179	0.686421542546	-0.0736927928562	-0.230833552443	-0.38917424891	0.963286150891	0.819255765064	0.548554514394	0.427007116828	-0.488533350931	0.741507768028	-0.698553638201	0.201102505325	-0.678293756828	-2.08093058093	-1.31927541292	0.554233116845	0.542178230593	1.50171162247	0.498215224171	0.246682752715	1.71732156761	4.10116038216	0.978474640654	1.04114744567	-0.110446966846	-1.17840959547	-1.32562604878	-1.74790460509	-1.17398130369	1.82433212441	-0.698761728961	0.743053989438	-0.501099547906	-3.1112456986	0.562173800878	-1.02082452748	-0.868985227557	-0.144220852237	0.989862181051	1.13509858333	-0.813521289023	2.99453042528	-0.831537798242	0.154132246309	-0.239799967296	1.66134549704	-0.459115170634	-6.82422637213	1.07983780787	-0.996552540317	-3.41926198931	2.90762505156	2.57319287135	1.8684591944	-2.25121384072	-2.01347252689	-0.329041125666	2.63067652207	1.61755576865	-0.693202371754	0.0887280211581	-3.97784820699	-1.08963666271	-1.03648157494	0.356631728092	0.147935304668	-0.918358953733	0.163962518361	-1.47157176428	0.666941671914	-0.067876145556	-0.0381024686641	0.588971138766	-0.507944651528	-0.471593379612	0.117734170413	-1.0150894145	-1.7653977826	-2.91805324875	2.86751614225	0.96871379104	-1.78237437531	2.80041589072	-0.549451073349	4.34479856688	-1.17411590389	0.716203981591	1.20056296305	-3.93425568268	-3.67304747502	-5.50454924943	-0.1021252577	-2.16823436753	0.514256772567	-3.69987717233	1.0716922235	11.2240594205	-0.602975500362	-1.03669703836	-0.595523560625	0.654820684755	1.684241268
BAK1	-0.470196301394	-1.20347888091	2.8138674781	1.06723570099	2.12530108706	4.40954193222	0.134112675467	-0.688310795576	1.30756403974	0.0261647712927	1.2102620956	-1.25351498758	2.05268206322	0.711160588191	-0.230426799965	1.14587490601	-0.567031642313	0.0487332314692	-1.73946980961	0.664525178459	-0.152336759265	3.58626085232	1.06372175374	4.07732260513	-0.0956918878231	1.33237896479	1.24020624769	-8.34029390372	-1.86557450317	-0.440089865248	2.59740717569	4.64977015076	-3.96197200611	0.775942764707	0.0360487730933	1.60419900314	1.28540447901	0.98971779602	0.415597309974	-0.693655811855	0.488929647879	0.0610385268365	-1.2209162528	-6.50576057162	0.761843721086	-1.10826459619	0.819811785256	-0.105437126674	0.071295172246	0.993966048296	1.08009421847	0.819420884476	-1.03691796123	-1.55606986138	0.947438371526	0.240769536045	-1.63765632968	6.83810642292	2.29690579272	-0.40077638042	-2.41854221106	-1.33364722026	-1.8702335587	-2.79856335163	-0.715309629477	0.942866270328	-4.01800725528	-0.599659761423	-0.170096729706	4.21685760936	-0.670053082024	-0.305995321648	-0.118525093847	-0.550527426499	-5.88800124406	-1.11815902784	-0.682506085281	-0.585651897231	3.58376363659	1.63074290441	1.16568695683	0.53568359009	3.95564521579	0.848437458556	1.23835156214	-0.0937190447967	-0.773761279758	-3.74821048153	3.39677043051	4.22421988798	1.04140774297	-0.257900289163	-3.58727632305	0.837365153713	1.59060369916	0.239128429062	1.83370711504	1.01880954923	-2.60639993844	-3.40186183502	-1.17139309864	0.261206162754	7.68575676939	2.50554129809	3.47155599467	1.16145892974	2.03983733506	1.39391534867	-0.275318502213	6.97240283948	-13.745453686	-1.0393130589
BCL2L11	0.266426791153	2.40143533152	0.566638943231	-0.77073324024	4.40954193222	1.14386333328	-0.4122841682	2.47640581945	-0.853533250719	0.173178537184	-0.566508414928	-1.79220030878	-3.06274729898	1.90891497682	1.48635776905	0.990004960619	-0.973421739879	-0.454389497155	-2.2209319187	-0.992477799389	0.186793467758	2.46130183278	0.103549667466	-2.02431540267	1.64867045329	2.59178900754	-2.97920269755	-3.69060045564	-0.775803051695	1.59844512371	1.47052264818	3.28093198972	-2.3355753685	2.41230055334	-0.555572172672	2.61181432773	2.38380875662	1.62810764343	1.86426883884	1.48900100873	0.245964471112	-0.860354615904	-0.204347337025	-4.38163589762	-0.134516266828	-0.230060794686	1.38786877381	-0.732960566751	0.0336405942685	-1.42824441167	1.06084791291	-4.41388095051	-0.127600030954	-0.917025371406	-0.469524217534	-1.96911552351	0.248926480333	5.32270010164	-0.0625627900454	1.65318530629	0.90839250279	0.930656169411	-3.08562791588	-0.253746206383	2.54594820209	0.431743853219	0.460470478475	-1.05485021182	0.415818953237	2.56589156988	0.995535295813	0.379946230049	-0.329661075622	0.100258499821	-1.141854984	-0.77169567461	0.083240144715	0.460884969098	2.81671956166	1.26951789338	0.558822257404	-1.57164401159	-1.19596784094	0.863965366655	-2.46193151545	0.476176597364	0.611134513609	-1.89089531144	2.44701646661	1.02448171485	1.61619418657	0.664645715647	-0.547036124228	1.16266177128	0.534507417757	-1.09905706075	1.38710048315	1.41570408243	-0.77773473042	-3.75930231337	-8.55924553747	-0.871093289973	2.87009843247	1.23861637422	1.16087928826	-0.700278563418	-2.49088081122	0.157824564592	2.27879610453	0.288250602974	-1.23555140768	1.36740601833
BCORL1	-0.149029668425	-1.09068449837	-1.07275746224	0.366154044539	0.134112675467	-0.4122841682	0.439546142202	0.703613678509	0.0616578157955	2.03624346699	-0.148618214753	-0.488470818206	-0.90721373685	2.73768775016	1.29969548288	0.349947383556	3.82597282321	3.97295295373	5.19893737591	1.31955452504	-0.0865877354443	0.579101603205	1.80027877504	2.39562382519	0.601525532954	2.23605940545	0.867930536315	-0.346551182492	2.55702357632	0.383233550373	-0.866933014489	1.44700836141	-1.41268309911	-5.20496206301	2.43524495128	2.84032718021	2.30371268299	1.63439268825	1.35418083242	-2.29636280704	-0.763089758191	0.625976208985	-1.57763535268	-0.480974388629	0.264963802132	2.46546794778	0.79280400097	-0.698424147997	1.59133619976	-1.65485183063	-4.84134961381	-1.53886189763	-0.142952319247	-0.788592161831	2.0794464269	0.646257807973	0.931158377834	0.298694855401	-0.183339706495	-0.653285866061	1.59777113856	0.82881988054	3.4001338369	3.13972538109	1.70563707728	1.76246116282	0.101462805453	-1.24743852259	0.272749589622	-0.941558145965	0.254387672186	-0.495950627823	1.5283896338	3.41335591241	-1.06403606065	0.243661100604	0.90010529516	1.31242412622	-0.694461705607	-4.29981266964	-2.9924843433	-5.00920483351	-2.33024647492	1.41446577824	-1.69323068766	1.01278882275	2.63842394453	1.04106888603	2.73796583528	1.01076771096	-0.262334171291	1.85219275977	-0.693221124227	-0.549597381381	-0.482355285201	1.63561686869	0.853935672041	0.515499446811	1.2360753412	1.80442069089	-2.08150450978	0.144095624513	0.257955808673	1.00605011572	0.0341357202729	-0.421261423028	-2.07625110885	0.632655624253	2.93276258813	0.507403541089	0.885491329118	-1.65446461783
BCR	-2.8948263293	0.586664823985	-0.451576776428	-1.99169337602	-0.688310795576	2.47640581945	0.703613678509	-2.52744892498	2.1915668147	1.35219288306	-0.981048941757	-1.7773809285	1.88783677617	0.342258924494	-0.571096749432	-0.17348951775	-0.715679833592	0.44115599852	3.16395393976	-0.132680190951	-0.263988605755	1.96060354453	1.72146627133	1.09544159687	0.275509823906	-0.549574113527	-0.739996137717	0.341164332428	-1.45802187363	2.73783358753	0.999401336467	-0.3545372692	-0.722977263769	-3.09372619507	-1.12409447379	-1.16861571153	0.133258606027	-0.940623588569	-0.408526187337	1.68050043749	-0.0727161725859	-0.360880909609	0.527112057676	2.46838877217	-0.215060793914	0.527355765007	-1.98416754659	1.31919440772	0.483595504228	2.35399211944	2.95894439619	-1.07685847224	-3.10294451924	0.131903084487	1.1929165629	-1.04366444622	-1.35146609632	-0.923481784666	0.183816548179	-0.340385428306	2.29282053572	0.601416595879	-0.265572685888	0.254515624719	1.57513488452	0.0506359521715	-3.49783182907	-0.48798800544	-1.10861214206	-0.238803982872	-0.854277960111	1.75250070073	-0.425929017611	-0.700380321184	-1.50438501999	-0.459328197479	1.87958191825	-1.0302058584	0.0792629205412	0.594264976621	1.02536371261	3.2662627786	2.73745782642	0.650344710166	2.8163851034	1.07710629244	-0.357775196109	0.829572303716	0.854309125481	2.06747580538	-0.588341746743	2.64038786136	-0.143023732248	-0.729453956732	0.220589790673	0.188243743225	0.868269067204	-1.73148138126	0.904824751288	1.41405578357	0.0709235181839	-0.462468509212	-0.0286240947542	1.79686013082	0.717884980322	0.926215587171	2.63718587267	1.18983533676	0.790704514028	5.19436816208	0.0489094942856	-0.49057499611
BPGM	1.0704243862	-1.39878633278	-0.874086310946	-0.388092535834	1.30756403974	-0.853533250719	0.0616578157955	2.1915668147	1.42119667895	1.29437119617	0.45706278724	-0.219286370525	-3.55560746684	1.85150599351	1.69273514605	-0.140728569723	4.11466916967	2.23312045067	2.81447678618	1.65154608949	0.98550142899	-0.631541448006	-0.328503978396	-1.70375339124	1.45481545019	0.509376385302	1.53416003528	-0.597467099384	1.83362335624	-0.827551487284	2.20913390118	0.607139913444	1.9588921044	0.835324515295	2.58171675311	0.944324841276	0.930606101773	2.36632306093	2.94010821516	0.365900457836	-0.685978362417	0.448223251655	1.8469426985	-4.07324923496	1.47564165326	1.90975109017	0.995872178097	0.522887759156	0.546128716208	-4.02275203548	-4.16010763167	-1.97187249304	-0.427206355728	-0.150190005439	0.568894089171	2.35820943626	1.16929170162	-0.266441684771	-1.63297326253	0.00910494319846	-1.17524837761	1.67724799711	1.24565720031	1.98844649725	1.13288661676	0.743643903505	2.59696678463	1.36311526716	-0.187055309298	0.957119693905	-0.456590950326	0.83201915084	1.15034301316	2.86907461249	0.818951993193	0.551976882285	0.561277585737	2.36555803585	2.11416329881	-2.22480982815	-1.01571062749	-2.40783992347	-2.99505948641	0.928550017485	-1.34089192085	0.932948354078	2.8933517516	1.18620312818	1.55682991863	0.133637871434	-1.74284595028	0.580861601031	1.61061149955	-0.53981755125	1.7242750019	1.31914179094	0.928384001439	2.87913801693	-0.0105446474864	-1.68502163597	-3.91037835407	0.432498962985	0.90205610039	-0.386830834497	1.06839734132	-1.47067212663	-4.28647445347	-0.165732221495	0.731073853367	-3.10297797444	0.686112880732	0.646589878477
C19orf26	0.755252403864	1.02133897513	-0.198190062111	-2.26548075179	0.0261647712927	0.173178537184	2.03624346699	1.35219288306	1.29437119617	1.3646601988	-0.986378956768	0.0877494665922	-4.21062439136	0.781144394496	2.17519089063	1.72640314916	0.783626342468	1.09265546724	-0.757233225671	0.296592760503	1.15588441897	-0.560553345943	-0.254659638261	-1.53911400501	-0.0326661214294	2.82435565379	-1.82651231756	1.11980373516	-0.0739057095422	-4.23767803764	1.47096648934	1.69714062957	4.18589306266	4.35331950238	-0.107564203792	-3.33263949901	-1.77408655602	-0.590620081276	-0.768320309528	0.63918048589	-0.891271610903	0.00213946546747	0.730785915805	-0.642521949523	2.25688756543	1.93160378582	0.0869899284095	-2.11427645884	0.232984924573	-4.19112035543	-1.9605184366	0.965885826971	-1.8276834033	-1.73136314084	-1.15088422269	2.73652229429	1.39386045888	-7.30818791684	-0.804941468757	1.84302833786	-0.338146625602	0.428303936992	1.8135126507	1.69799102759	-1.41482780034	-0.624128734332	1.94930978714	3.3526930503	-1.3497877205	-1.40287134388	-2.09137476786	-1.13649966333	2.83460784425	1.61671648859	1.77238472983	-1.05157197003	-1.08656214469	1.40638959443	-4.38436974672	-2.60440929098	-2.90398618448	0.746222649721	0.378446244411	0.0691415430523	1.7402191615	-1.51855682982	-0.0882034233878	1.93369001671	-1.13187660557	0.0029426478729	-0.512681427177	-1.9621316424	0.646017140826	-1.41293118321	3.66801353708	-3.5043946202	1.95105551614	2.74805244019	-1.42593163292	-3.81552614957	-7.11554876933	-0.883143349967	1.02478868116	2.5280961145	-0.679721543998	0.12609593626	-0.89995634895	0.739791375037	-3.3666616315	-1.94512449695	4.22050039492	-2.19223448714
C3orf72	-0.526182966136	-0.474317387629	-0.230417721358	0.686421542546	1.2102620956	-0.566508414928	-0.148618214753	-0.981048941757	0.45706278724	-0.986378956768	2.06802606002	-1.51081710732	-0.601441215984	-0.387570071199	0.519990995384	0.193902215672	-0.224891122873	-0.510002003434	-1.62125107659	0.100028385994	-0.657185028414	-1.91097347862	-1.2124323379	1.06294551425	-1.92056141088	0.806195121299	1.279779721	0.182207653262	-2.25771039488	-0.920984796333	-2.12928635861	-2.56211002437	-3.00029880751	2.13392570257	0.108163072079	-0.86988266933	-3.25135292453	-2.62354012913	1.77933186588	0.44036790076	-0.65169972478	-0.25297409038	1.66961357368	1.73331061731	-0.501259842262	-0.870501669302	-1.508573765	-0.501463449234	1.02173958127	-0.406204312934	-2.30001724621	1.40248429917	-1.77299707649	0.225494259854	-0.532876604714	-0.0142250150407	-0.906164563918	-5.79688068108	-1.99409179383	-1.2086933582	-2.82784655189	-0.892471227868	0.85353171283	-0.575663925946	-3.81501055256	-1.99935009015	-1.8232710566	-1.19988473853	-1.5437562969	-0.1134189979	-0.482881802904	-2.895589261	-0.67789527912	-1.443351257	-0.878179741785	-1.41156398	-0.760680399413	-0.454712236252	-0.0487395046201	-1.71641644685	-0.0217852663187	1.85175796014	0.471296677383	-1.40376486737	-0.633324418134	-0.0180368119104	-0.951774916564	-3.60877011517	-1.06530451425	-3.30938446696	3.22011004377	-1.21607509493	-1.47472814192	-1.66978210288	-0.751505912789	-0.511718862791	-0.538929772176	-1.15237146939	-2.1561061782	-2.70218705567	1.26629695485	-1.84197355632	-1.82169981968	0.151198810043	-2.8973608435	-1.662171721	0.366405262018	-1.57775748918	-0.623245625505	-1.86612078418	-6.84731375695	-4.22937435258
CBFA2T3	-1.46978111414	-3.53918580261	0.027706499523	-0.0736927928562	-1.25351498758	-1.79220030878	-0.488470818206	-1.7773809285	-0.219286370525	0.0877494665922	-1.51081710732	8.72450766495	1.76135536145	-0.0938767027018	1.51966057335	3.4673027854	-1.59778172533	1.23188795232	5.30830204171	1.64440622925	-1.18493339369	2.81275636082	0.152263248456	0.0328921179874	-0.68940279732	1.36002519914	1.07669908713	-1.63184727568	-3.25586760622	2.30879920653	-0.189085024338	-1.9537129546	-1.23280291335	-9.17422189381	-0.684039103512	-5.56953639016	-4.05292376959	-3.42578980326	-1.39936588118	-0.986482476157	-2.68954053004	0.0964200645567	-0.077063145992	1.45270848962	0.724506109985	-0.521407048752	-3.69158135051	0.572788867232	1.70800114973	-3.10556509182	1.15619014839	1.38664381183	-5.72946611913	-2.06025579557	-1.69910707486	1.78702745431	-0.073196802086	4.47072234909	-2.26308540854	-5.25465118744	-5.51499036198	2.7160997196	0.178177780685	0.0363111857599	-2.48166331803	0.0936062602452	0.799400308728	-1.64357464803	-0.985532257813	-4.2944400235	-1.84171636247	7.41306563931	0.442442977636	-1.39000128072	-10.4352874298	0.200588364634	0.200369826946	1.75613234059	-6.60285797408	-2.5358412962	-1.39441349206	0.264093505936	-0.81724557856	-0.175603069019	-0.973959234236	3.15121313475	-0.63191728629	-2.62293384374	-2.8742847761	-0.413033519505	1.59962739417	0.501349203687	-1.33577968671	-2.92682620387	-1.20197224644	-5.40753916619	-1.60932490436	1.43027928427	-3.56803378323	-0.702956762379	-0.427250059593	-0.242434952359	1.05962252581	2.70388093832	-0.101267817155	-0.325909199595	1.49124657935	-0.178478893254	-1.84841451061	0.191603607685	-3.29936050442	-0.63959683671
CBL	-1.16572561349	0.124589994331	0.997376498608	-0.230833552443	2.05268206322	-3.06274729898	-0.90721373685	1.88783677617	-3.55560746684	-4.21062439136	-0.601441215984	1.76135536145	5.82336302438	0.492630930551	0.465893923245	0.645373255941	5.69156771184	3.01188877477	0.163421983997	1.60359102374	2.18374084998	-3.67758315691	-2.31808168686	-11.9241970691	-0.878919209287	0.441530485729	2.62807797427	-1.65879966878	3.15137930244	-6.25419046369	1.46780348413	0.756999782209	3.64456064625	0.523815606698	4.39470527214	0.36256329904	-0.165623033067	1.84468644653	0.639047177029	-2.02793275533	-0.167307706179	0.296893488208	-1.19724977179	-2.22369688072	0.246388736342	-1.22547771681	1.73062354335	-1.41628435085	-0.939602877374	-3.3397656264	-4.46583248426	-1.42813011337	3.29025696901	-1.30930640465	-0.455728963756	3.15783346056	2.92826850006	-2.47851137667	-0.403694682636	3.36917451303	-4.27726509661	-0.247724785827	2.34100948915	3.7503812998	0.0465989907286	2.69573238316	1.47200895845	2.48448503981	0.972988416502	-1.26821275428	-0.161419880513	-0.795386357529	1.46049868599	4.24964792486	-5.63929633171	-1.38381528562	-1.12734495536	1.89668502127	-3.64668538601	-1.43958995589	-3.13392868446	-5.06109948839	-9.29276630486	0.427446236556	-8.87402891928	-2.43677155098	2.64061161652	0.942666491673	2.46774295381	-2.97050903662	-5.08629660118	-2.96981377394	1.84329115471	-0.486200605529	0.469028892881	4.41877443425	1.48526455602	1.40739261659	-1.39290474469	-0.876390132403	-7.84829892081	0.829792015586	2.24140917433	1.35614352347	0.650743592843	-12.5880075951	-17.3736768542	-2.65723305508	0.509624255954	-5.63361008241	1.98406707763	-0.650982550703
CDKN1A	0.658735575308	0.290321313204	0.0294423097677	-0.38917424891	0.711160588191	1.90891497682	2.73768775016	0.342258924494	1.85150599351	0.781144394496	-0.387570071199	-0.0938767027018	0.492630930551	-0.10331963219	1.29875385927	1.04314421831	1.0932000304	1.35754313911	-1.07981667569	-0.0316675319522	1.36645634168	1.59175470798	1.11834347457	-0.331625986837	3.35931955321	2.48091786592	-0.0920752233077	0.280542415615	2.32336472542	-0.903927000475	-2.4125614472	0.672135906758	3.45932342802	-6.41980596764	-0.981508526578	0.342153761348	0.389540893603	1.66288480568	1.13783135461	0.955983904254	-1.06166846998	0.793705314767	1.4356938377	1.84619334924	2.44590681951	1.07419265499	2.05074643833	1.95013195086	-0.605272989101	-0.260218138973	-0.819399005108	0.424137896741	-0.0618765176702	-0.561764856225	0.636691672101	2.18746949853	0.640449055143	-2.49362302409	0.0707684714482	-1.39079020248	1.10032758931	1.08941227598	-1.69659470056	-0.97329453591	1.94294218468	0.314399111658	3.62332402406	1.72524266941	0.27436825626	-0.397537779195	1.37442186643	1.06214654204	3.53995126163	1.27301800165	1.03429724027	-0.212596339723	2.13856983735	1.85556363487	1.01804507526	-0.530546718496	-2.31885725051	1.42624101317	2.56207464985	1.08772266772	3.70522217616	1.45074755724	-0.581712560664	0.539950544764	2.55596885232	1.8520736667	-2.73321066593	1.25874649436	0.44840467617	0.349870414533	0.64869044782	3.20736542013	1.34325768861	4.14400724813	1.47097154255	1.01001868697	-3.32107599066	0.229376138592	-1.82571176166	-0.201616313349	1.08535718835	0.496195586277	2.28577431065	2.5105333042	0.365469480765	0.770926114688	0.116581528265	3.98051347209
CDKN1B	1.92244375634	-0.428562538997	0.0842532169456	0.963286150891	-0.230426799965	1.48635776905	1.29969548288	-0.571096749432	1.69273514605	2.17519089063	0.519990995384	1.51966057335	0.465893923245	1.29875385927	0.178086910319	0.706050967413	-0.435055321261	1.35536827536	0.950298695509	0.683637052595	0.604344834908	1.71256172902	1.19097493158	-0.740178330994	3.00022535955	2.39897006109	-0.156000585943	0.505817550352	1.17570764811	2.77851898199	-0.216037008657	1.34945857416	1.99037961368	-1.71734033463	1.21136762593	1.06537476493	1.41859601453	0.626620476311	1.20579382346	0.634159315548	-1.36218674022	-0.883496612136	1.32558026723	1.0171776785	1.04136769292	0.738952679262	0.820687426872	2.08126120204	1.43890477034	1.63726666994	0.728808979084	-1.63429725965	2.59655947754	0.435487743848	1.74840488163	0.364286893925	1.69622067188	1.27697680489	1.31237756855	-0.310525179464	3.15496779333	0.526725275679	-0.306718109858	1.42957262001	3.52319416871	0.902262547345	0.371752334221	0.206197561031	-0.519460770033	1.45102318657	0.546513615225	2.14024344606	1.92359120332	1.70434729257	2.01492402369	0.143641896636	0.972077615584	1.10940220905	0.326737351587	2.63715408365	1.79781706148	0.874633011656	-0.115431762508	0.222536285954	0.860595962803	1.65058856849	0.873955542393	1.98406122878	1.69330444301	1.01501897062	-1.85567467865	2.95476736935	3.68128933715	0.197741596338	1.27994287977	2.24153606805	0.209483160022	1.43300846853	1.79968898673	0.413875742704	-0.738477139637	-0.689477995106	0.814190039339	1.24165917147	0.981861668267	0.206332179908	1.04047107589	1.31132422477	1.86116049868	0.92272889652	3.74303234112	1.14563007659
CDKN1C	-0.478304521625	1.17203768636	0.995864646225	0.819255765064	1.14587490601	0.990004960619	0.349947383556	-0.17348951775	-0.140728569723	1.72640314916	0.193902215672	3.4673027854	0.645373255941	1.04314421831	0.706050967413	1.35253308576	1.42845598061	1.54598992344	-0.177763683722	0.333204548178	-0.37136223915	1.32610340185	1.49291468226	-0.652824589338	2.35403676509	1.77452051692	0.176525748199	-1.42922193638	2.20040120896	1.68057736678	-1.44939533983	0.171655387041	3.12758301454	1.80220785966	0.745804753582	0.223728552964	0.645475293487	1.08391267978	1.42725802879	0.306085933766	-1.39355548237	0.458976734782	2.9436067037	1.04438509886	1.02188255461	1.76241042443	1.85807311566	1.80539329944	-0.282522527188	1.05413307851	0.505183675694	0.121866736687	2.24684958165	0.95012532001	0.445093018726	1.57524609528	1.24278645637	-2.23393307468	0.217237642593	2.0032213533	1.85410354153	-2.18452330652	-1.52754135739	-1.17892921953	2.21178426958	0.625725870876	2.6221379093	1.67414160988	1.10843651979	2.46823862805	0.722295636779	0.446483070728	2.37145704162	1.38101777893	3.48997891564	-0.0348892236496	0.347652950909	1.28545463127	2.84029512264	1.06081881821	1.38860463907	1.71735271312	0.502745311629	2.30194862952	1.50511568285	1.12144190832	0.691716874703	2.23319699109	1.84317832874	0.487631470069	-1.41230017896	0.0218025839762	-1.16167877149	1.61007532835	-0.2905443376	0.552063400437	1.18255160412	1.57242573412	1.72868793385	1.04274300375	-0.610321044637	-0.273361023223	-0.802189409739	1.66586165489	0.165892975959	0.205408166203	0.787108563646	0.266534739927	1.73886486879	1.13108268333	1.57470011028	0.194308195861
CEBPA	-1.76615784929	0.0701113525357	3.79683733892	0.548554514394	-0.567031642313	-0.973421739879	3.82597282321	-0.715679833592	4.11466916967	0.783626342468	-0.224891122873	-1.59778172533	5.69156771184	1.0932000304	-0.435055321261	1.42845598061	2.59348766361	-1.74205536887	0.137461116689	0.563291125619	-0.921897150812	6.07738388953	-1.14018889446	6.86440503141	-1.18347550757	-2.23574445024	3.31152046523	1.70364596486	-0.368382705392	3.44897605802	-1.69592895648	-3.93148443999	0.488858049761	3.82203653624	-1.46680993527	-1.66593007998	-1.03034862205	0.12785553708	-1.05674788956	1.24785090561	1.61626597338	0.401593249987	-1.35423628656	8.32395759651	-2.07031721485	-2.00436608195	-1.09169414196	-2.62403517153	-1.40634977152	3.84249560414	1.759629908	3.09071425063	1.68651440488	-0.911147039405	-0.740944164898	0.623718447372	-1.95142998781	10.0700847052	-0.202789511209	0.119227457351	5.79215647456	-1.7128909963	-6.02121168864	-8.50218667199	-0.956086363646	0.942249956838	-2.00735080483	-1.2585976565	-0.00705709738964	3.8795022529	-0.0754808875105	0.796232838749	-1.362762758	-1.10137221217	0.896178279293	1.88785724636	0.0171817463527	0.0788063505838	-1.42991341655	-1.30129333917	1.9637321806	1.75134277456	3.05766310741	-3.03720276958	0.320449460363	-1.78859011781	-0.248858098133	0.883247974356	2.03690763068	-1.89089248566	3.42362772418	2.95423102135	-5.23520952838	-2.38481970407	-0.76972692698	-1.39847905027	-2.59356263831	-1.8485233049	2.02248872166	3.9485741007	7.8331646749	0.910283634973	-1.57611374228	-0.532024531724	-0.0426990413901	-1.29161580579	1.90378015445	-0.987376416435	-2.40130458042	0.226468541659	-9.82665101834	2.71697158458
CEBPB	-0.281501748931	0.829078958692	0.489197907867	0.427007116828	0.0487332314692	-0.454389497155	3.97295295373	0.44115599852	2.23312045067	1.09265546724	-0.510002003434	1.23188795232	3.01188877477	1.35754313911	1.35536827536	1.54598992344	-1.74205536887	0.130272117151	-1.34557083685	0.471173854692	0.169455153446	3.32878348322	0.53079523109	0.255195915261	1.51446488763	1.1139639635	0.0607248593252	2.51501690509	-0.247448378977	0.342713118398	0.880575734008	0.58742573779	2.13520371304	5.81060618229	-0.83807698782	0.684293333781	0.737262302719	-0.288962872594	0.767551218662	1.87085305171	-0.346193440404	-0.896131288906	-1.56368601563	2.77544291506	1.19400044075	-0.695034767266	-0.13541377697	-0.764108754871	0.0755886755831	-0.118478118451	6.36287794362	-2.70349902554	-0.280477997277	-1.56125011525	0.309285974418	-1.6932964614	0.238482813202	3.61357026202	1.74479149762	1.06660464143	6.734497397	-1.38733669011	-3.32547623356	-2.8442388516	1.9206482392	1.17376308788	-2.10211051241	0.0435716243669	-0.248761394591	1.53671272458	0.157527423216	2.0227385148	0.147749895289	-1.25423949193	1.68146490268	-0.575276942612	1.74673891849	0.461140753962	-1.72230642358	0.864546779396	0.790139418661	1.66638795345	5.12932363565	0.264521383095	3.99818429884	-1.14358038009	-0.0161825648271	4.44694568892	1.30999899342	2.91507599079	-0.741081313642	2.35381136763	-0.342317574848	-0.313932500409	0.847424705382	-1.1073225988	-0.367482946042	-0.404220306701	3.09958078914	3.24490998898	2.00182232525	0.646982387294	0.853096022205	-0.403555561252	0.0227965094456	0.625039166539	4.53190911973	1.97460755772	-0.0273385541422	2.78695878633	4.04794562173	-0.601854505461
CEBPE	-1.20601441696	3.17594176556	0.913129885687	-0.488533350931	-1.73946980961	-2.2209319187	5.19893737591	3.16395393976	2.81447678618	-0.757233225671	-1.62125107659	5.30830204171	0.163421983997	-1.07981667569	0.950298695509	-0.177763683722	0.137461116689	-1.34557083685	-1.10113788168	-0.923635031983	0.45726673981	5.18850156496	-0.884894393009	1.57572575334	1.63766184987	1.85085521634	3.60073692176	4.37262921031	-0.157672350117	-1.41816167402	1.52188999542	1.86634848832	4.0889364297	1.52635132628	-4.77007991349	-0.164094765006	-0.473770841544	0.493332926108	-1.05748500072	1.71419181689	1.02530999952	-0.0864576079823	-2.42658142798	2.62093276383	0.398817627341	-1.41988362484	-0.195191819741	-0.137724902864	-2.37437903682	2.13616858688	1.59771841456	-3.58902174437	5.03869833081	-2.40482442734	-0.524767655602	-1.93279567533	-1.22190159309	8.11266853331	4.16372892547	1.64096723056	5.55505333401	-4.39892124098	-1.29251152076	-1.09092597476	0.542927115229	0.0863796140203	0.953635571048	3.10770557363	-0.211217795663	2.62036486312	-0.767173389953	5.24140267038	0.057220806047	-1.3278226267	6.83574140005	1.34142261293	1.96967218362	1.82777274612	-3.29472605364	-2.30680853686	0.655147445792	-0.213240931256	4.80523848945	-1.09217340936	3.80318857205	-0.227253842263	0.222570551401	7.18670779941	1.0493070065	-2.22383108909	3.8213616422	0.0693897828598	-1.42988198818	3.17912562125	2.85095621485	-2.67147851962	-0.647642771548	0.0174643775864	6.03138767749	5.56819114709	4.24024326749	0.531446633551	-0.127622835906	-0.96364200271	1.26253959573	1.65440655261	1.92091908157	1.79912230131	-1.45431157195	-1.33398970959	8.2881541338	-0.032547442883
CELF2	-1.84214850354	1.79341380042	0.459236595674	0.741507768028	0.664525178459	-0.992477799389	1.31955452504	-0.132680190951	1.65154608949	0.296592760503	0.100028385994	1.64440622925	1.60359102374	-0.0316675319522	0.683637052595	0.333204548178	0.563291125619	0.471173854692	-0.923635031983	-1.88674076033	-0.913707179116	-0.961029487727	-0.633327538638	2.18990311825	1.17485960045	0.663530408536	0.313434942067	-0.750135470253	1.55506651756	-0.30783868842	1.54141272957	0.495288220695	-1.55554267368	1.60585989736	-0.778234374237	0.815134543346	1.17332911932	-0.0483844476311	0.666422584711	1.61537234236	-0.012448112169	-1.16731832229	-0.510820128852	2.37971432947	-1.7132035345	-0.297778750394	-0.67562038265	-0.0512429558	-0.0833912368709	-0.481560176567	1.46336900912	-1.64774294194	0.613667913012	1.09053099702	0.944847660649	-0.39847051036	-0.380009144303	2.04718675162	0.299786091284	0.469156695674	2.45799686951	-0.287622930379	-1.14305325679	-0.118332157541	1.72973231486	1.48064583492	0.469071758809	0.197681442538	-1.66786694783	2.15333880035	-0.252483045102	1.65748174041	-0.3804465125	-1.29312287663	3.08216491805	0.173907631253	0.0919798071564	-0.731377630854	-0.662565985171	0.984931982949	2.10387688594	0.929093882463	0.511092240498	-0.345966237932	0.895371814145	0.837943670384	-0.0346233048284	0.203918320465	0.877064344632	2.17440904016	-1.3208344537	1.03809344296	0.329937751225	1.51922086012	-0.304143688048	1.92339600342	-0.0329331732575	-0.197752937261	0.889322900867	1.53306522905	2.624161353	-0.773476547742	1.69938287482	1.74220730816	1.2259220073	0.647072417202	1.4545738677	-0.643041340633	0.700424044315	1.61039622862	1.66207105283	0.656887282488
CITED1	0.282428100502	-1.08087397433	-1.94055773843	-0.698553638201	-0.152336759265	0.186793467758	-0.0865877354443	-0.263988605755	0.98550142899	1.15588441897	-0.657185028414	-1.18493339369	2.18374084998	1.36645634168	0.604344834908	-0.37136223915	-0.921897150812	0.169455153446	0.45726673981	-0.913707179116	-3.41727841856	1.64949538643	0.602709099919	0.441763133856	0.841749563881	0.967334988282	-0.540333198601	-0.245254740177	0.353487262738	1.06686340859	-1.15419170466	-0.724170255631	0.599194957518	-1.30951330382	0.402913796448	-1.00635094776	-0.280134559846	0.255714812489	0.288669188402	0.313546573539	-1.08844444689	-0.618454347244	0.232087093748	1.48854480158	0.0307789405865	0.304577890503	-0.335883315004	0.0317661131216	0.936274948718	-0.468317846161	-0.434468471931	-1.97840927543	-3.28379538997	0.456614602833	0.749758815591	-0.88776553118	0.0683492151252	-0.128816553604	-2.58005139679	-0.298876480052	2.33516683192	1.17648013535	-0.962741400927	-0.986324398725	0.376566969015	0.461341730238	1.3757373675	-1.47279407709	0.143967890555	0.395740087578	-0.425858641853	-0.504194984799	0.189464801549	0.0881434128797	1.13570753823	0.339452521954	0.043953990761	-0.475294123457	0.0411842079563	0.853824602245	0.403723944969	1.52065642056	2.66877865237	0.118275350831	1.68674307995	0.230517830928	-0.0568983888705	2.0989025462	2.04700651442	2.29702380331	-2.29060789737	1.04947073204	0.566800610758	-0.790822977625	1.27096507753	-1.96892938347	0.331271665786	0.185242863165	-1.11923455314	-1.0611910315	-0.420617560695	-0.476929915322	0.882198002298	0.818365637591	-0.477883544695	1.54600355974	1.77166682618	1.47808983132	-0.235062318969	2.12652308376	4.83874233829	-1.76310937249
CKS1B	0.388842211843	-0.400063209676	0.000167733481658	0.201102505325	3.58626085232	2.46130183278	0.579101603205	1.96060354453	-0.631541448006	-0.560553345943	-1.91097347862	2.81275636082	-3.67758315691	1.59175470798	1.71256172902	1.32610340185	6.07738388953	3.32878348322	5.18850156496	-0.961029487727	1.64949538643	-0.210308217419	-0.42929052714	-1.71317634862	1.76967774343	2.00973492287	-1.42862391792	3.53666533129	5.20899429268	-0.376935329838	-0.156673636237	3.00271773708	2.12419857004	-7.07948447977	1.83011025752	2.84487854636	0.924656600195	2.87469473752	0.56490301922	-1.10857891993	1.78788844209	-0.263371034022	3.31082535184	-0.701680103064	-0.23349822356	0.56946867282	1.64645462578	0.908708046946	-2.13847180283	-0.356570963102	-4.5058248319	-1.49887738288	1.87964233697	0.372283757849	2.07392165091	-0.223356973052	1.22897593182	-0.96356933298	-1.28213081134	-1.56265142366	1.80573689122	3.36248161399	2.98782611798	4.24359013629	1.76468895587	2.14328693543	2.2795192742	1.11777299062	-0.644552603434	0.435325611736	0.306409439639	-0.98788871345	0.191662631246	2.21427635402	1.13736894728	0.661004042587	0.816046546122	0.732178072508	1.7265942607	-0.207417550607	1.82733542733	-1.41662399142	-4.21393063476	2.1022163054	-2.43746648609	0.685952821205	4.11380400172	3.25849233919	2.90494512542	0.393180735185	-5.16621445429	2.09482259765	3.90744350973	1.77292551867	0.998684178166	4.25516661184	2.66964274553	1.08877024973	2.56696333212	3.15297648434	-2.14249596064	-0.645716972939	0.791807152668	-0.49760053662	-0.0252119942031	-5.19399070341	-4.19325874404	0.271724173507	2.85184882362	-0.297124034229	3.49364642797	-0.459574187497
CLDN6	1.16046120943	1.39749622238	0.166353500936	-0.678293756828	1.06372175374	0.103549667466	1.80027877504	1.72146627133	-0.328503978396	-0.254659638261	-1.2124323379	0.152263248456	-2.31808168686	1.11834347457	1.19097493158	1.49291468226	-1.14018889446	0.53079523109	-0.884894393009	-0.633327538638	0.602709099919	-0.42929052714	2.15279167582	-1.56606374173	1.53910441946	1.63800856195	-0.908036636092	1.10383823661	0.931467432848	-1.04031663769	1.33257987232	1.55860841924	3.11555079348	2.54003196528	1.30513779385	-0.383290159578	-0.0882850935095	0.398105375562	0.878053501415	-0.509844004055	-1.11515003465	-0.426051813516	0.834465575526	0.786584295193	1.22177740384	0.101181813792	-0.432636547874	-0.284670296482	-0.585446125553	-1.75624470588	-0.542309491183	-1.92328683702	-1.43079975861	-0.388354613134	0.143409929516	0.379235914504	0.884805449126	-7.14035716212	0.629975365545	0.34631330576	0.658584476666	1.85023322778	1.67223542429	2.3041409742	-0.101154320689	0.648642743984	1.82041790127	1.22974710332	-1.59952169875	-1.48003114584	-1.69294015775	0.992033496844	1.38583846517	0.4272001212	3.89143349818	0.161955881202	-0.352187771089	0.712643114969	-1.16383432581	-0.887585748473	-0.661813587425	0.0188123918269	-0.681732132302	0.000897767526689	0.347722014289	0.798428328552	0.00205262375093	4.00433785253	2.63015078853	-0.0706022184467	-1.52554035362	0.705621280773	0.80778678481	0.426613172135	1.77868915365	-1.3511329632	-0.0193815140988	0.787458513708	2.33966617504	1.74035451212	-2.9565440708	-0.0986079240741	2.12097970982	-0.624921403099	0.656593117955	-0.267747408785	-3.62267174095	0.638281876598	-1.32275151511	-1.0759831988	5.69795557256	-1.47675931855
