GID		NAME	GWEIGHT	BAK1	BCL2L11	CDKN1A	CDKN1B	CDKN1C	COL1A1	HNF4A	HES7	CELF2	CEBPE	CEBPB	FOSB	OSR2	ELMSAN1	MAP2K3	MAP2K6	KIF18B	KIF2C	MAML2	SLC38A2	BCR	ETS2	MAPK1	SLC6A9	AHR	MAP7D1	PLK4	STIL	EGR1	TMSB4X	ATL1	FOXO4	CNNM4	KIAA1804	HOXC13	MIDN	PLEKHO2	GLB1L2	HOXA13	NIT1	SPI1	FOXA1	FOXA3	FOXF1	FOXL2	HOXB9	DLX2	SNAI1	ZBTB10	CITED1	RREB1	PTPN13	MAP4K3	MAP4K5	S1PR2	RHOXF2	CBFA2T3	NCL	TSC22D1	CEBPA	COL2A1	FEV	C3orf72	GCH1	IGDCC3	PRTG	TGFBR2	ARID1A	ISL2	LHX1	MCOLN3	TMEM173	PEG10	PIK3CB	MEIS1	POU3F2	JUN	ZNF318	ARRDC3	SET	IRF1	IER5L	TP73	C19orf26	DUSP9	CLDN6	SGK1	KLF1	HK2	IKZF3	CBL	CNN1	PTPN12	PTPN1	PTPN9	BCORL1	CKS1B	LYL1	BPGM	ZBTB25	SAMD1	ZBTB1	UBASH3A	UBASH3B	PRDM1	KMT2A	SLC4A1	CSRNP1	TBX2	TBX3	RUNX1T1	ZC3HAV1
AID				ARRY4X	ARRY5X	ARRY13X	ARRY14X	ARRY15X	ARRY25X	ARRY44X	ARRY42X	ARRY19X	ARRY18X	ARRY17X	ARRY34X	ARRY73X	ARRY31X	ARRY62X	ARRY63X	ARRY55X	ARRY56X	ARRY61X	ARRY92X	ARRY7X	ARRY32X	ARRY67X	ARRY94X	ARRY0X	ARRY66X	ARRY77X	ARRY97X	ARRY30X	ARRY102X	ARRY3X	ARRY39X	ARRY24X	ARRY54X	ARRY47X	ARRY70X	ARRY76X	ARRY41X	ARRY45X	ARRY72X	ARRY96X	ARRY35X	ARRY36X	ARRY37X	ARRY38X	ARRY46X	ARRY28X	ARRY95X	ARRY108X	ARRY20X	ARRY86X	ARRY83X	ARRY64X	ARRY65X	ARRY88X	ARRY85X	ARRY11X	ARRY71X	ARRY104X	ARRY16X	ARRY26X	ARRY33X	ARRY10X	ARRY40X	ARRY49X	ARRY80X	ARRY100X	ARRY1X	ARRY52X	ARRY59X	ARRY68X	ARRY101X	ARRY74X	ARRY75X	ARRY69X	ARRY78X	ARRY53X	ARRY111X	ARRY2X	ARRY90X	ARRY51X	ARRY48X	ARRY103X	ARRY9X	ARRY29X	ARRY22X	ARRY91X	ARRY57X	ARRY43X	ARRY50X	ARRY12X	ARRY23X	ARRY82X	ARRY81X	ARRY84X	ARRY6X	ARRY21X	ARRY60X	ARRY8X	ARRY109X	ARRY89X	ARRY107X	ARRY105X	ARRY106X	ARRY79X	ARRY58X	ARRY93X	ARRY27X	ARRY98X	ARRY99X	ARRY87X	ARRY110X
EWEIGHT				1.000000	1.000000	1.000000	1.000000	1.000000	1.000000	1.000000	1.000000	1.000000	1.000000	1.000000	1.000000	1.000000	1.000000	1.000000	1.000000	1.000000	1.000000	1.000000	1.000000	1.000000	1.000000	1.000000	1.000000	1.000000	1.000000	1.000000	1.000000	1.000000	1.000000	1.000000	1.000000	1.000000	1.000000	1.000000	1.000000	1.000000	1.000000	1.000000	1.000000	1.000000	1.000000	1.000000	1.000000	1.000000	1.000000	1.000000	1.000000	1.000000	1.000000	1.000000	1.000000	1.000000	1.000000	1.000000	1.000000	1.000000	1.000000	1.000000	1.000000	1.000000	1.000000	1.000000	1.000000	1.000000	1.000000	1.000000	1.000000	1.000000	1.000000	1.000000	1.000000	1.000000	1.000000	1.000000	1.000000	1.000000	1.000000	1.000000	1.000000	1.000000	1.000000	1.000000	1.000000	1.000000	1.000000	1.000000	1.000000	1.000000	1.000000	1.000000	1.000000	1.000000	1.000000	1.000000	1.000000	1.000000	1.000000	1.000000	1.000000	1.000000	1.000000	1.000000	1.000000	1.000000	1.000000	1.000000	1.000000	1.000000	1.000000	1.000000	1.000000
GENE4X	BAK1	BAK1	1.0	2.125301	4.409542	0.711161	-0.230427	1.145875	1.332379	0.761844	-1.220916	0.664525	-1.73947	0.048733	0.036049	-0.550527	4.64977	-1.870234	-2.798563	0.24077	-1.637656	-1.333647	-3.587276	-0.688311	-3.961972	-0.59966	1.590604	-0.470196	-4.018007	-0.585652	1.01881	2.597407	7.685757	1.067236	-0.693656	-0.095692	0.947438	-0.105437	-0.670053	-0.682506	0.061039	-1.108265	-0.118525	1.833707	1.604199	1.285404	0.989718	0.415597	0.819812	-1.865575	0.239128	-0.275319	-0.152337	-0.773761	0.848437	-0.71531	0.942866	3.39677	-0.093719	-1.253515	-0.305995	3.471556	-0.567032	1.240206	0.775943	1.210262	0.48893	0.993966	1.165687	-1.171393	-1.203479	-1.036918	-0.400776	-0.170097	0.261206	-5.888001	-1.118159	4.216858	3.583764	-1.55607	-1.039313	2.813867	1.041408	0.819421	0.071295	2.505541	0.026165	-0.44009	1.063722	-0.2579	6.838106	-6.505761	1.080094	2.052682	4.077323	3.955645	0.535684	1.238352	0.134113	3.586261	-2.418542	1.307564	6.972403	4.22422	1.393915	1.161459	2.039837	1.630743	2.296906	0.837365	-8.340294	-2.6064	-3.401862	-3.74821	-13.745454
GENE5X	BCL2L11	BCL2L11	1.0	4.409542	1.143863	1.908915	1.486358	0.990005	2.591789	-0.134516	-0.204347	-0.992478	-2.220932	-0.454389	-0.555572	0.100258	3.280932	-3.085628	-0.253746	-1.969116	0.248926	0.930656	-0.547036	2.476406	-2.335575	-1.05485	0.534507	0.266427	0.46047	0.460885	1.415704	1.470523	2.870098	-0.770733	1.489001	1.64867	-0.469524	-0.732961	0.995535	0.08324	-0.860355	-0.230061	-0.329661	1.3871	2.611814	2.383809	1.628108	1.864269	1.387869	-0.775803	-1.099057	2.278796	0.186793	0.611135	0.863965	2.545948	0.431744	2.447016	0.476177	-1.7922	0.379946	1.160879	-0.973422	-2.979203	2.412301	-0.566508	0.245964	-1.428244	0.558822	-8.559246	2.401435	-0.1276	1.653185	0.415819	-0.871093	-1.141855	-0.771696	2.565892	2.81672	-0.917025	1.367406	0.566639	1.616194	-4.413881	0.033641	1.238616	0.173179	1.598445	0.10355	0.664646	-5.3227	-4.381636	1.060848	-3.062747	-2.024315	-1.195968	-1.571644	-2.461932	-0.412284	2.461302	0.908393	-0.853533	0.288251	1.024482	0.157825	-0.700279	-2.490881	1.269518	-0.062563	1.162662	-3.6906	-0.777735	-3.759302	-1.890895	-1.235551
GENE13X	CDKN1A	CDKN1A	1.0	0.711161	1.908915	-0.10332	1.298754	1.043144	2.480918	2.445907	1.435694	-0.031668	-1.079817	1.357543	-0.981509	1.273018	0.672136	-1.696595	-0.973295	2.187469	0.640449	1.089412	0.448405	0.342259	3.459323	1.725243	0.64869	0.658736	3.623324	1.855564	4.144007	-2.412561	-1.825712	-0.389174	0.955984	3.35932	0.636692	1.950132	1.374422	2.13857	0.793705	1.074193	3.539951	1.343258	0.342154	0.389541	1.662885	1.137831	2.050746	2.323365	3.207365	0.365469	1.366456	-0.581713	1.087723	1.942942	0.314399	2.555969	1.450748	-0.093877	1.062147	1.085357	1.0932	-0.092075	-6.419806	-0.38757	-1.061668	-0.260218	-2.318857	-3.321076	0.290321	-0.061877	-1.39079	0.274368	0.229376	1.034297	-0.212596	-0.397538	1.018045	-0.561765	3.980513	0.029442	-2.733211	0.424138	-0.605273	-0.201616	0.781144	-0.903927	1.118343	1.258746	-2.493623	1.846193	-0.819399	0.492631	-0.331626	2.562075	1.426241	3.705222	2.737688	1.591755	1.100328	1.851506	0.770926	1.852074	2.510533	0.496196	2.285774	-0.530547	0.070768	0.34987	0.280542	1.470972	1.010019	0.539951	0.116582
GENE14X	CDKN1B	CDKN1B	1.0	-0.230427	1.486358	1.298754	0.178087	0.706051	2.39897	1.041368	1.32558	0.683637	0.950299	1.355368	1.211368	1.704347	1.349459	-0.306718	1.429573	0.364287	1.696221	0.526725	3.681289	-0.571097	1.99038	0.206198	1.279943	1.922444	0.371752	1.109402	1.433008	-0.216037	0.81419	0.963286	0.634159	3.000225	1.748405	2.081261	0.546514	0.972078	-0.883497	0.738953	1.923591	0.209483	1.065375	1.418596	0.62662	1.205794	0.820687	1.175708	2.241536	1.86116	0.604345	0.873956	0.222536	3.523194	0.902263	1.693304	1.650589	1.519661	2.140243	0.981862	-0.435055	-0.156001	-1.71734	0.519991	-1.362187	1.637267	1.797817	-0.738477	-0.428563	2.596559	-0.310525	-0.519461	-0.689478	2.014924	0.143642	1.451023	0.326737	0.435488	1.14563	0.084253	-1.855675	-1.634297	1.438905	1.241659	2.175191	2.778519	1.190975	2.954767	1.276977	1.017178	0.728809	0.465894	-0.740178	-0.115432	0.874633	0.860596	1.299695	1.712562	3.154968	1.692735	0.922729	1.015019	1.311324	0.206332	1.040471	2.637154	1.312378	0.197742	0.505818	1.799689	0.413876	1.984061	3.743032
GENE15X	CDKN1C	CDKN1C	1.0	1.145875	0.990005	1.043144	0.706051	1.352533	1.774521	1.021883	2.943607	0.333205	-0.177764	1.54599	0.745805	1.381018	0.171655	-1.527541	-1.178929	1.575246	1.242786	-2.184523	-1.161679	-0.17349	3.127583	1.674142	-0.290544	-0.478305	2.622138	1.285455	1.572426	-1.449395	-0.802189	0.819256	0.306086	2.354037	0.445093	1.805393	0.722296	0.347653	0.458977	1.76241	2.371457	1.182552	0.223729	0.645475	1.083913	1.427258	1.858073	2.200401	0.552063	1.738865	-0.371362	0.691717	2.301949	2.211784	0.625726	1.843178	1.121442	3.467303	0.446483	0.165893	1.428456	0.176526	1.802208	0.193902	-1.393555	1.054133	1.388605	-0.610321	1.172038	2.24685	2.003221	1.108437	-0.273361	3.489979	-0.034889	2.468239	2.840295	0.950125	0.194308	0.995865	-1.4123	0.121867	-0.282523	1.665862	1.726403	1.680577	1.492915	0.021803	-2.233933	1.044385	0.505184	0.645373	-0.652825	0.502745	1.717353	1.505116	0.349947	1.326103	1.854104	-0.140729	1.131083	0.487631	0.266535	0.205408	0.787109	1.060819	0.217238	1.610075	-1.429222	1.728688	1.042743	2.233197	1.5747
GENE25X	COL1A1	COL1A1	1.0	1.332379	2.591789	2.480918	2.39897	1.774521	-0.430434	1.450953	0.198779	0.66353	1.850855	1.113964	-0.244763	-0.185362	0.396434	-0.719795	0.149379	-0.402113	-0.233264	-0.113207	2.206707	-0.549574	0.86581	-0.313034	1.073411	0.461492	2.298716	0.220946	1.020231	0.764207	-2.002863	0.554233	-1.184289	1.131195	1.357078	0.052804	0.282999	1.971468	1.323645	0.64699	1.886578	1.025303	1.382251	0.668844	-0.120634	0.970044	1.458273	0.380677	-1.031718	-0.522499	0.967335	1.939356	-0.569278	1.367753	1.834077	1.744751	1.235272	1.360025	1.276173	2.455003	-2.235744	-0.234916	-0.72931	0.806195	-0.407171	0.957097	-0.040306	0.016797	1.621024	0.274275	0.14684	1.385332	1.848316	2.221646	0.232184	0.89571	0.380653	0.734729	-0.275198	0.070942	-0.519058	-3.220597	-0.117402	1.370524	2.824356	0.730609	1.638009	0.442315	0.994299	-2.583229	1.855059	0.44153	-1.110316	-1.148159	1.343292	0.118792	2.236059	2.009735	2.004593	0.509376	0.244719	1.73365	1.286589	1.98786	0.869847	-0.165038	-1.044161	1.169406	1.020128	1.958812	1.253386	2.984535	4.958798
GENE44X	HNF4A	HNF4A	1.0	0.761844	-0.134516	2.445907	1.041368	1.021883	1.450953	4.187062	-0.406235	-1.713204	0.398818	1.194	-0.484004	0.706177	-4.009905	-2.514694	0.334962	0.1768	1.387298	-0.534326	1.254102	-0.215061	5.335003	1.340397	1.258118	1.811543	2.58479	0.808846	0.147103	1.100316	1.221612	0.562174	-0.129356	3.312405	1.241818	-0.267909	0.132153	1.235827	-0.398489	-0.071728	0.865793	0.239867	0.002203	-0.400451	-0.480231	0.230521	0.200003	-0.890965	0.600844	-0.495878	0.030779	-0.043665	-0.15812	0.678915	0.222385	2.386115	-0.242988	0.724506	1.362266	3.202712	-2.070317	0.347926	-0.750966	-0.50126	0.809403	1.85447	1.559207	3.282004	1.898495	-2.324071	-2.560356	0.626217	-0.423573	3.684255	-0.760041	0.100922	1.932023	-0.077987	-0.127544	-0.152653	-3.004598	-0.425633	0.629813	-1.271664	2.256888	1.045472	1.221777	2.099047	-1.259471	-0.03892	1.691664	0.246389	0.098306	-3.860527	0.739088	-1.923577	0.264964	-0.233498	2.465673	1.475642	1.497391	0.817052	1.061155	-1.4063	0.280096	0.640813	1.749357	1.207684	2.135193	0.943457	3.476484	1.121197	5.76948
GENE42X	HES7	HES7	1.0	-1.220916	-0.204347	1.435694	1.32558	2.943607	0.198779	-0.406235	0.298103	-0.51082	-2.426581	-1.563686	1.031105	-0.222667	-1.252009	-1.256229	-0.542444	-0.796622	0.354712	-0.925624	0.012736	0.527112	2.90734	1.517008	1.441602	0.975734	2.399948	0.10594	-0.703836	0.580917	0.98248	-0.5011	-0.646193	-0.062437	0.133145	0.099688	1.069121	-0.346125	-1.319036	0.572778	-0.673819	1.142568	-0.499344	0.709616	-3.057066	0.001103	-0.265485	0.893324	0.366071	0.424252	0.232087	0.047253	0.42944	3.100128	0.286569	0.449408	-0.526432	-0.077063	0.165173	-1.056427	-1.354236	1.72057	-0.179623	1.669614	-1.882193	3.346467	3.340235	2.707225	-0.046109	-1.965289	0.367926	0.84006	-1.052362	1.659004	1.648389	1.178478	1.081799	-0.091333	1.279773	-0.460241	0.022899	4.583002	1.403314	0.697567	0.730786	1.735854	0.834466	-0.311681	-0.435482	0.710458	-1.22968	-1.19725	-0.516806	1.696887	-1.042605	1.370078	-1.577635	3.310825	2.999941	1.846943	0.808579	-0.254908	0.614713	0.115471	-0.853501	-0.096741	1.845773	-1.406768	1.615538	1.657439	-0.413555	2.693458	4.193799
GENE19X	CELF2	CELF2	1.0	0.664525	-0.992478	-0.031668	0.683637	0.333205	0.66353	-1.713204	-0.51082	-1.886741	-0.923635	0.471174	-0.778234	-1.293123	0.495288	-1.143053	0.118332	-0.398471	-0.380009	-0.287623	0.329938	-0.13268	-1.555543	0.197681	-0.304144	-1.842149	0.469072	-0.731378	-0.197753	1.541413	1.699383	0.741508	1.615372	1.17486	0.944848	-0.051243	-0.252483	0.09198	-1.167318	-0.297779	-0.380447	-0.032933	0.815135	1.173329	-0.048384	0.666423	-0.67562	1.555067	1.923396	0.700424	-0.913707	-0.034623	-0.345966	1.729732	1.480646	0.877064	0.837944	1.644406	1.657482	1.225922	0.563291	0.313435	1.60586	0.100028	-0.012448	-0.48156	2.103877	2.624161	1.793414	0.613668	0.469157	-1.667867	-0.773477	3.082165	0.173908	2.153339	-0.662566	1.090531	0.656887	0.459237	-1.320834	-1.647743	-0.083391	1.742207	0.296593	-0.307839	-0.633328	1.038093	-2.047187	2.379714	1.463369	1.603591	2.189903	0.511092	0.929094	0.895372	1.319555	-0.961029	2.457997	1.651546	1.610396	2.174409	-0.643041	0.647072	1.454574	0.984932	0.299786	1.519221	0.750135	0.889323	1.533065	0.203918	-1.662071
GENE18X	CEBPE	CEBPE	1.0	-1.73947	-2.220932	-1.079817	0.950299	-0.177764	1.850855	0.398818	-2.426581	-0.923635	-1.101138	-1.345571	-4.77008	-1.327823	1.866348	-1.292512	-1.090926	-1.932796	-1.221902	-4.398921	-1.429882	3.163954	4.088936	3.107706	2.850956	-1.206014	0.953636	1.827773	0.017464	1.52189	-0.127623	-0.488533	1.714192	1.637662	-0.524768	-0.137725	-0.767173	1.969672	-0.086458	-1.419884	0.057221	-0.647643	-0.164095	-0.473771	0.493333	-1.057485	-0.195192	-0.157672	-2.671479	-1.454312	0.457267	0.222571	-1.092173	0.542927	0.08638	1.049307	-0.227254	5.308302	5.241403	1.26254	0.137461	3.600737	1.526351	-1.621251	1.02531	2.136169	0.655147	4.240243	3.175942	5.038698	1.640967	-0.211218	0.531447	6.835741	1.341423	2.620365	-3.294726	-2.404824	-0.032547	0.91313	3.821362	-3.589022	-2.374379	-0.963642	-0.757233	-1.418162	-0.884894	0.06939	8.112669	2.620933	1.597718	0.163422	1.575726	4.805238	-0.213241	3.803189	5.198937	5.188502	5.555053	2.814477	-1.33399	-2.223831	1.799122	1.654407	1.920919	-2.306809	4.163729	3.179126	4.372629	6.031388	5.568191	7.186708	8.288154
GENE17X	CEBPB	CEBPB	1.0	0.048733	-0.454389	1.357543	1.355368	1.54599	1.113964	1.194	-1.563686	0.471174	-1.345571	0.130272	-0.838077	-1.254239	0.587426	-3.325476	-2.844239	-1.693296	0.238483	-1.387337	-0.342318	0.441156	2.135204	0.043572	0.847425	-0.281502	-2.102111	0.461141	-0.40422	0.880576	0.853096	0.427007	1.870853	1.514465	0.309286	-0.764109	0.157527	1.746739	-0.896131	-0.695035	0.14775	-0.367483	0.684293	0.737262	-0.288963	0.767551	-0.135414	-0.247448	-1.107323	-0.027339	0.169455	-0.016183	0.264521	1.920648	1.173763	1.309999	-1.14358	1.231888	2.022739	0.022797	-1.742055	0.060725	5.810606	-0.510002	-0.346193	-0.118478	0.790139	2.001822	0.829079	-0.280478	1.066605	-0.248761	0.646982	1.681465	-0.575277	1.536713	-1.722306	-1.56125	-0.601855	0.489198	-0.741081	-2.703499	0.075589	-0.403556	1.092655	0.342713	0.530795	2.353811	3.61357	2.775443	6.362878	3.011889	0.255196	5.129324	1.666388	3.998184	3.972953	3.328783	6.734497	2.23312	2.786959	2.915076	1.974608	0.625039	4.531909	0.864547	1.744791	-0.313933	2.515017	3.099581	3.24491	4.446946	4.047946
GENE34X	FOSB	FOSB	1.0	0.036049	-0.555572	-0.981509	1.211368	0.745805	-0.244763	-0.484004	1.031105	-0.778234	-4.77008	-0.838077	1.388364	-2.28622	-1.218339	-3.065415	-2.282152	0.581081	0.180726	-1.840089	-1.224949	-1.124094	-1.481465	-3.325393	1.194514	-1.896261	0.933528	0.347607	-0.144052	-0.415506	0.321972	-0.110447	2.35241	1.505736	-0.786059	-0.567957	1.294418	0.875135	0.700152	-0.06308	2.326867	-0.49466	-0.805413	-1.869278	-0.806687	-0.976092	-1.030127	-0.149745	-1.432709	-1.108834	0.402914	-0.340832	0.312779	0.156573	0.19986	-0.358568	0.83083	-0.684039	-0.533416	-0.404359	-1.46681	2.948258	4.95517	0.108163	0.906813	0.135658	-1.304323	1.413002	1.392415	1.214247	0.944359	0.384929	-0.29777	-0.672136	0.150933	-0.254411	-1.268357	-2.830162	1.257068	0.729956	0.93116	0.566526	-0.089579	0.278544	-0.107564	0.325025	1.305138	1.602191	0.347132	3.255871	6.979696	4.394705	3.22894	6.084853	4.1362	4.217171	2.435245	1.83011	2.833679	2.581717	3.513298	1.723318	2.403415	2.259576	5.691658	-0.89862	1.298422	-0.361244	1.476088	2.024865	3.057823	-0.036482	0.559174
GENE73X	OSR2	OSR2	1.0	-0.550527	0.100258	1.273018	1.704347	1.381018	-0.185362	0.706177	-0.222667	-1.293123	-1.327823	-1.254239	-2.28622	-2.274364	0.03209	-1.566235	-0.10642	-1.626207	-0.754876	0.691916	-2.268012	-0.70038	-2.184765	-1.505073	1.280829	-0.270873	-1.562911	-0.168885	-0.057075	1.107098	-0.38597	-1.036482	-1.839765	0.329921	-0.38727	-0.547111	-0.231731	0.671671	-0.488798	0.596168	1.512206	-0.139103	-2.042412	-1.747277	-2.790885	0.846716	-1.434919	-2.55353	-2.235051	-0.14692	0.088143	-0.71807	0.072008	0.746915	-0.861594	-0.508729	-1.322367	-1.390001	0.641533	-0.759219	-1.101372	-2.822376	2.817855	-1.443351	-1.854448	0.363417	-1.342871	1.982234	2.385049	-4.202427	-1.740714	-0.609904	-0.466412	-1.96396	0.146022	1.905559	-2.338786	-1.081983	-2.928028	0.479601	-1.510049	-0.243288	1.751836	-0.205149	1.616716	0.465275	0.4272	1.425414	-0.066439	2.812318	4.068964	4.249648	3.14164	7.367622	4.798847	5.106224	3.413356	2.214276	4.761209	2.869075	5.069769	4.707733	3.434444	2.148638	6.654854	-0.390373	2.146999	-0.501366	1.505218	2.48368	4.398907	1.814876	1.433225
GENE31X	ELMSAN1	ELMSAN1	1.0	4.64977	3.280932	0.672136	1.349459	0.171655	0.396434	-4.009905	-1.252009	0.495288	1.866348	0.587426	-1.218339	0.03209	3.805479	4.616741	3.78075	-3.084228	-1.008485	0.367631	0.330114	0.354537	-1.19189	-1.679507	0.602236	-4.711262	-4.448886	0.331706	-1.1915	-1.288189	-0.083809	4.10116	-1.138026	1.466387	0.941538	2.160628	1.580022	3.247656	1.197095	3.823458	3.419378	3.707538	0.028122	-0.159656	-0.864182	-0.548651	-0.220624	-2.84855	-0.027992	-7.54348	-0.72417	0.535159	1.151144	1.592013	2.384153	0.954181	6.025771	-1.953713	0.941853	-0.230642	-3.931484	-4.182083	-5.451054	-2.56211	1.181287	2.817879	2.281465	0.209419	-1.366656	-5.014793	-6.676778	0.905476	0.480757	-2.201503	0.93856	1.181345	3.35138	-1.888934	-0.470254	0.074224	-2.937308	1.396565	3.832177	0.950498	1.697141	-0.798327	1.558608	2.197993	2.690554	2.380469	-3.114569	0.757	0.678546	-0.664522	2.078986	1.375905	1.447008	3.002718	3.289225	0.60714	2.846745	1.61321	3.401474	-0.108078	-0.378651	1.074424	1.343943	-1.353322	-1.679954	-0.102148	-1.891024	0.959004	1.343576
GENE62X	MAP2K3	MAP2K3	1.0	-1.870234	-3.085628	-1.696595	-0.306718	-1.527541	-0.719795	-2.514694	-1.256229	-1.143053	-1.292512	-3.325476	-3.065415	-1.566235	4.616741	6.620249	5.182337	-6.313841	-1.628497	0.805949	1.534254	0.265573	-1.141365	-1.143966	-1.810113	0.190863	-3.945449	0.54204	1.098191	-1.206588	0.296516	2.573193	0.137322	1.651682	0.89356	0.898922	1.052496	2.756225	1.304379	2.331025	2.445592	3.606454	0.519998	0.453569	0.526291	2.391675	1.857497	-1.721985	-2.980806	0.373694	-0.962741	-1.600901	0.278632	2.01899	1.452106	1.681881	3.449941	0.178178	0.610222	0.583485	-6.021212	-5.447513	-1.149784	0.853532	0.651683	3.058532	2.415967	-0.276587	1.787129	-1.406135	-2.696716	0.027875	1.0956	-1.705329	-0.666705	2.284069	1.941525	1.378291	0.403458	0.14897	-2.407238	-2.178161	1.031407	1.40095	1.813513	0.702649	1.672235	2.13112	3.050803	-0.499709	9.537747	2.341009	1.446766	-2.095475	3.486606	4.596963	-3.400134	2.987826	4.273585	1.245657	-3.346538	5.412431	3.329083	1.859992	2.642629	0.609691	1.337095	-0.332002	0.764103	-0.481898	-0.138271	-1.668017	-1.982799
GENE63X	MAP2K6	MAP2K6	1.0	-2.798563	-0.253746	-0.973295	1.429573	-1.178929	0.149379	0.334962	-0.542444	0.118332	-1.090926	-2.844239	-2.282152	-0.10642	3.78075	5.182337	5.489254	-7.394759	-3.11562	0.052967	1.368983	-0.254516	-0.257191	-0.65779	-0.685453	-1.497931	-4.05255	1.365225	0.583715	-2.065183	1.33953	1.868459	-0.134307	0.933758	2.093913	1.310813	1.932273	3.004413	-1.995409	1.463325	2.90949	7.691202	-1.167416	-0.289151	-0.279791	1.205002	-0.237862	-4.775772	-2.898724	-0.923038	-0.986324	-1.720537	0.331383	0.039449	1.855676	0.73754	2.149259	0.036311	-1.36469	0.194082	-8.502187	-7.327547	-2.845178	-0.575664	1.324704	2.512039	-0.224672	-0.362245	0.67229	-3.121142	-0.393723	1.164148	0.65574	-1.068794	-0.198896	2.136283	0.722469	-1.061693	1.375431	-0.558979	-0.040315	1.740537	-0.704757	1.418708	1.697991	3.404503	2.304141	2.667697	1.245394	-0.939666	8.961106	3.750381	3.313807	-1.872553	3.920344	4.107712	-3.139725	4.24359	-3.301649	1.988446	-4.119474	5.933798	4.899451	-1.52051	0.873751	2.277277	1.330468	2.241673	-0.37442	0.907945	-1.110394	-0.110994	-1.580594
GENE55X	KIF18B	KIF18B	1.0	0.24077	-1.969116	2.187469	0.364287	1.575246	-0.402113	0.1768	-0.796622	-0.398471	-1.932796	-1.693296	0.581081	-1.626207	-3.084228	-6.313841	-7.394759	3.623569	-10.677762	-4.051551	-6.586546	-1.043664	-3.365913	-2.536261	1.866657	0.42507	-4.94156	-1.654644	-2.059434	0.43724	-2.283863	1.661345	1.110072	1.652909	2.243964	1.334196	0.534603	-0.514939	1.220335	0.290864	-0.958601	-0.660295	0.222679	1.042504	1.540505	0.587648	1.002738	-0.151637	-0.151496	0.852868	-0.887766	-3.030761	0.734301	2.795561	0.742477	1.180591	-0.640907	1.787027	-2.742839	3.200793	0.623718	-0.603621	0.045813	-0.014225	-1.768494	1.742566	1.326967	1.880814	2.890222	-0.019011	-1.261037	0.280369	0.134808	-0.278623	0.884346	3.3807	4.200757	1.30984	1.812142	1.656821	-0.685334	-1.051304	2.945949	2.528271	2.736522	2.144991	0.379236	2.561504	-5.942386	3.030417	0.315074	3.157833	3.093059	4.064953	1.350367	2.592114	0.646258	-0.223357	3.452351	2.358209	2.71137	0.642521	1.100475	0.624342	2.848205	1.293313	-2.281481	-1.612155	-11.003835	-0.913776	-2.08024	1.981913	-6.814266
GENE56X	KIF2C	KIF2C	1.0	-1.637656	0.248926	0.640449	1.696221	1.242786	-0.233264	1.387298	0.354712	-0.380009	-1.221902	0.238483	0.180726	-0.754876	-1.008485	-1.628497	-3.11562	-10.677762	-7.186643	0.196486	-3.289647	-1.351466	-1.390037	-2.207353	-0.061475	-0.529731	1.491628	-0.142229	1.131872	-0.41996	-1.221619	-0.459115	-0.333013	0.584016	1.181863	1.431747	1.127484	-0.605528	0.365328	1.138122	0.077996	1.395688	-0.428277	0.181381	-0.902579	-0.377953	-0.05191	-0.201896	-1.139612	0.462007	0.068349	-1.502923	0.623502	0.523698	0.210786	1.321081	0.202661	-0.073197	-0.063181	-0.053472	-1.95143	0.363403	2.023815	-0.906165	-0.077528	0.610896	-0.56967	1.311129	1.487129	-2.437085	0.365246	0.236398	-0.11947	-2.386532	1.249761	0.8915	1.038375	-0.328304	1.12247	0.759484	-0.146253	1.203223	1.57021	1.546137	1.39386	1.725485	0.884805	0.797759	3.449033	0.26742	0.632636	2.928269	1.901616	2.874656	1.080692	2.03457	0.931158	1.228976	1.80285	1.169292	2.031147	2.258727	0.593025	0.433769	2.669297	-0.336622	-0.889545	-3.377554	-1.825882	-1.117533	-0.567549	0.108715	-0.272283
GENE61X	MAML2	MAML2	1.0	-1.333647	0.930656	1.089412	0.526725	-2.184523	-0.113207	-0.534326	-0.925624	-0.287623	-4.398921	-1.387337	-1.840089	0.691916	0.367631	0.805949	0.052967	-4.051551	0.196486	6.23599	2.814394	-0.601417	1.792637	0.720209	-0.747505	0.613338	-0.037765	-0.868652	-1.13138	-1.200974	-0.141344	2.907625	3.910938	2.822779	1.718366	0.753046	0.093636	0.241543	1.141308	0.802503	0.979866	1.120885	1.670782	3.100908	2.216222	1.202111	1.809968	-1.101592	1.196715	0.195107	1.17648	2.085725	3.057243	1.559344	1.891454	0.534026	0.809106	2.7161	0.053254	-0.008837	-1.712891	-0.744546	-2.315148	-0.892471	-0.583723	-0.401027	-0.350118	1.013264	1.586133	-1.602232	1.145061	-0.493403	-0.485318	0.049734	-0.531239	-2.162876	-1.103914	-0.921853	2.091336	2.23256	-0.099849	-0.174112	0.014805	1.388192	0.428304	-3.017087	1.850233	0.973256	0.855804	-1.617115	2.472072	-0.247725	-0.061257	-1.023373	0.622416	1.454435	-0.82882	3.362482	1.686382	1.677248	-1.654192	-0.01624	2.141097	0.098558	0.603918	4.687172	1.57671	4.324809	-1.260229	-0.985303	3.160207	0.595218	-1.007878
GENE92X	SLC38A2	SLC38A2	1.0	-3.587276	-0.547036	0.448405	3.681289	-1.161679	2.206707	1.254102	0.012736	0.329938	-1.429882	-0.342318	-1.224949	-2.268012	0.330114	1.534254	1.368983	-6.586546	-3.289647	2.814394	7.662427	0.143024	1.3067	1.799346	5.772026	-2.536497	-5.914197	-1.829593	-2.263768	2.340824	0.400539	2.800416	0.87056	0.730404	-4.082502	-2.745563	-0.599732	1.151057	0.50988	-1.446267	4.953745	1.739561	-1.431993	0.11605	-3.050086	-0.082201	-4.3616	-3.686244	-5.139155	-3.786076	0.566801	-1.204047	1.840555	0.789029	1.398117	-1.409501	-4.01385	-1.33578	0.758592	-1.809541	-5.23521	-5.716577	-3.496787	-1.474728	0.006998	1.166848	0.574239	-0.060612	0.276882	-2.583142	0.862009	-1.247624	0.12601	-2.834538	-0.164109	-1.389305	-2.704327	-3.916144	-2.793509	8.87183	6.744971	2.334798	3.396112	3.470576	0.646017	-0.82924	0.807787	0.502043	1.762276	2.955274	4.539277	1.843291	0.874707	0.656424	2.672611	-0.27946	-0.693221	3.907444	-0.579807	1.610611	3.021589	1.730936	1.956836	0.495661	-0.206856	3.525459	1.886916	3.079451	0.877575	0.043291	2.646038	0.94476	-0.588375
GENE7X	BCR	BCR	1.0	-0.688311	2.476406	0.342259	-0.571097	-0.17349	-0.549574	-0.215061	0.527112	-0.13268	3.163954	0.441156	-1.124094	-0.70038	0.354537	0.265573	-0.254516	-1.043664	-1.351466	-0.601417	0.143024	-2.527449	-0.722977	-0.487988	0.22059	-2.894826	-3.497832	-1.030206	-1.731481	0.999401	-0.028624	-1.991693	1.6805	0.27551	1.192917	1.319194	-0.854278	1.879582	-0.360881	0.527356	-0.425929	0.868269	-1.168616	0.133259	-0.940624	-0.408526	-1.984168	-1.458022	0.188244	0.790705	-0.263989	-0.357775	0.650345	1.575135	0.050636	0.854309	1.077106	-1.777381	1.752501	0.717885	-0.71568	-0.739996	-3.093726	-0.981049	0.072716	2.353992	1.025364	0.070924	0.586665	-3.102945	-0.340385	-1.108612	-0.462469	-1.504385	-0.459328	-0.238804	0.079263	0.131903	-0.490575	-0.451577	-0.588342	-1.076858	0.483596	1.79686	1.352193	2.737834	1.721466	2.640388	0.923482	2.468389	2.958944	1.887837	1.095442	2.737458	3.266263	2.816385	0.703614	1.960604	2.292821	2.191567	5.194368	2.067476	1.189835	0.926216	2.637186	0.594265	0.183817	-0.729454	-0.341164	0.904825	1.414056	0.829572	-0.048909
GENE32X	ETS2	ETS2	1.0	-3.961972	-2.335575	3.459323	1.99038	3.127583	0.86581	5.335003	2.90734	-1.555543	4.088936	2.135204	-1.481465	-2.184765	-1.19189	-1.141365	-0.257191	-3.365913	-1.390037	1.792637	1.3067	-0.722977	0.073421	-2.492789	-1.095665	-3.675677	-8.130058	0.749184	-1.115141	1.167607	-5.52232	0.978475	1.259136	-0.806198	2.362436	-0.937448	0.522272	3.963222	1.218608	-0.263478	0.605303	-0.899376	-1.40269	0.016576	-1.838764	-0.455861	-3.141427	-0.44889	0.351586	-0.988639	0.599195	0.820669	-0.109487	1.922081	0.61071	0.205074	4.486231	-1.232803	1.372576	-0.511456	0.488858	1.094951	-2.506472	-3.000299	-1.131397	3.517946	0.913349	5.81877	-2.813423	0.030188	1.76253	-1.81061	-0.21715	1.842479	-0.144335	-0.135873	-1.493484	1.433905	-0.648709	-2.590467	0.195041	1.961101	-0.074427	-1.666185	4.185893	5.739285	3.115551	3.233466	-3.413128	1.077332	3.21305	3.644561	2.963442	0.636682	1.12247	0.22335	-1.412683	2.124199	3.68034	1.958892	4.441872	3.556681	1.98747	1.492301	2.600028	-3.590132	-0.585513	0.145453	2.838119	2.519142	4.974892	-1.616344	-2.342071
GENE67X	MAPK1	MAPK1	1.0	-0.59966	-1.05485	1.725243	0.206198	1.674142	-0.313034	1.340397	1.517008	0.197681	3.107706	0.043572	-3.325393	-1.505073	-1.679507	-1.143966	-0.65779	-2.536261	-2.207353	0.720209	1.799346	-0.487988	-2.492789	-1.210772	-2.043303	-4.08474	-2.994862	0.365626	-1.098217	-0.474528	-5.005311	2.630677	2.176479	-1.005518	1.970138	0.684676	0.768006	2.116199	0.779522	-0.343934	-0.226006	0.468283	-1.110115	-0.438602	-1.47416	-0.478643	-1.808195	0.214535	0.955805	0.811357	-1.472794	0.786979	-0.26936	0.734024	1.132557	0.679676	3.71535	-1.643575	1.007369	-1.961139	-1.258598	-0.068447	-5.169911	-1.199885	-1.488665	4.300251	1.350839	3.955676	-1.774412	0.137863	0.741408	-0.209845	-0.044813	-1.518019	-2.616155	-0.064436	0.374665	0.185417	-1.403061	-2.158234	-1.184612	0.94882	-0.532978	-1.285683	3.352693	10.97295	1.229747	1.417108	-1.914919	0.908398	3.415792	2.484485	2.744813	-0.579122	1.307919	-0.814596	-1.247439	1.117773	1.757008	1.363115	2.208565	2.277076	0.28526	1.259456	1.100487	-4.375944	-0.430667	-1.048688	0.969204	0.650306	2.162287	-0.905056	2.58057
GENE94X	SLC6A9	SLC6A9	1.0	1.590604	0.534507	0.64869	1.279943	-0.290544	1.073411	1.258118	1.441602	-0.304144	2.850956	0.847425	1.194514	1.280829	0.602236	-1.810113	-0.685453	1.866657	-0.061475	-0.747505	5.772026	0.22059	-1.095665	-2.043303	0.457254	-1.333833	-4.774939	-0.214231	-2.832444	-0.573302	0.603502	4.344799	2.955169	0.866437	0.470944	1.66017	2.05107	1.324574	1.126308	-0.127964	2.459287	1.727199	3.264849	2.346319	0.370621	3.147236	-0.14019	0.099194	4.413377	2.29678	1.270965	2.493558	2.282182	3.245346	2.920936	3.231789	-1.921617	-1.201972	-1.037096	1.918528	-0.769727	-3.410638	-8.552068	-0.751506	-1.169968	0.502121	0.495437	1.636222	0.593107	0.793468	0.650836	-0.844178	-0.536007	-1.391179	-0.842328	1.516243	1.335572	-0.503476	0.190012	2.306406	3.469568	0.589818	0.381016	-1.444898	3.668014	3.635803	1.778689	2.396968	-0.012094	2.01608	0.951845	0.469029	-1.260069	-2.467165	-2.517146	-1.795992	-0.482355	0.998684	1.986801	1.724275	3.235462	0.250542	1.812483	0.201193	-1.049024	-3.789405	0.749402	1.583399	-0.480478	2.545902	3.024064	1.384907	1.174907
GENE0X	AHR	AHR	1.0	-0.470196	0.266427	0.658736	1.922444	-0.478305	0.461492	1.811543	0.975734	-1.842149	-1.206014	-0.281502	-1.896261	-0.270873	-4.711262	0.190863	-1.497931	0.42507	-0.529731	0.613338	-2.536497	-2.894826	-3.675677	-4.08474	-1.333833	3.251447	-0.413924	-0.647787	0.973804	-0.067961	0.999353	-0.237766	0.138163	0.027074	-0.592538	-0.669505	0.961243	0.850614	0.23228	-0.42496	0.122491	0.679206	0.210442	-0.519112	-1.958818	-0.506655	-0.328409	-0.695934	0.314206	0.560174	0.282428	1.338802	1.361066	1.510971	1.821839	-0.160311	-1.999211	-1.469781	-2.677464	0.742918	-1.766158	-0.275082	-5.027743	-0.526183	1.117196	-1.040136	0.082035	-0.167572	-1.764937	0.167329	-1.57234	-0.21475	0.143066	0.960096	0.470887	-2.159158	-2.743563	-0.393627	-2.242569	0.75067	-0.43496	-1.595428	-2.391219	-0.064646	0.755252	-1.435964	1.160461	1.48793	8.108849	1.729876	-0.275498	-1.165726	0.529938	0.921483	0.615079	-0.211969	-0.14903	0.388842	0.025165	1.070424	2.895918	-0.932364	0.902518	0.189924	-0.707492	-0.231566	-1.273285	0.451131	5.154189	3.687981	3.558422	-1.627821	4.096058
GENE66X	MAP7D1	MAP7D1	1.0	-4.018007	0.46047	3.623324	0.371752	2.622138	2.298716	2.58479	2.399948	0.469072	0.953636	-2.102111	0.933528	-1.562911	-4.448886	-3.945449	-4.05255	-4.94156	1.491628	-0.037765	-5.914197	-3.497832	-8.130058	-2.994862	-4.774939	-0.413924	6.188062	0.947952	-0.843428	1.1668	3.152289	-0.329041	-0.915824	0.594487	2.172843	-0.419922	-0.647563	1.203021	2.678005	1.098664	3.525221	2.617847	-2.748862	-1.041935	-1.5263	-1.769767	-0.934835	2.647684	0.266742	-0.118186	1.375737	2.22611	1.885865	2.752274	1.114605	-0.634544	1.978922	0.7994	-0.905462	0.512705	-2.007351	-1.342486	-17.987431	-1.823271	1.892056	-0.323663	-1.496909	1.518765	-0.674342	-3.772233	-2.516386	0.254157	0.582647	6.036483	1.270407	-3.810393	0.497941	0.365281	2.807376	1.74622	-3.202821	2.674474	-0.700466	0.13268	1.94931	0.927609	1.820418	-0.036078	-2.085768	3.683273	-1.065071	1.472009	2.433732	2.255566	1.783758	0.819159	0.101463	2.279519	2.80116	2.596967	3.793729	3.645581	2.280445	1.981526	1.497199	1.330877	0.41643	-3.72084	1.120534	3.05623	4.47032	2.683937	3.440677
GENE77X	PLK4	PLK4	1.0	-0.585652	0.460885	1.855564	1.109402	1.285455	0.220946	0.808846	0.10594	-0.731378	1.827773	0.461141	0.347607	-0.168885	0.331706	0.54204	1.365225	-1.654644	-0.142229	-0.868652	-1.829593	-1.030206	0.749184	0.365626	-0.214231	-0.647787	0.947952	-2.79968	-2.655265	1.378166	0.394809	0.163963	-0.868822	1.389029	0.745828	-0.977645	-0.187557	-0.654908	-0.945507	-0.027484	-0.248953	0.345055	-0.494055	0.61086	0.451405	-0.061391	-1.04848	1.797284	0.94142	-0.080609	-0.475294	0.471043	0.477484	1.895939	0.862304	1.472104	-0.412609	1.756132	1.833734	-0.401829	0.078806	-1.269164	-4.902979	-0.454712	-0.395275	0.077122	1.115649	0.704139	2.912867	-1.415061	-1.942959	-0.349366	0.219499	-0.387364	-1.96369	0.460268	-0.762598	-0.275064	-0.457656	1.516202	0.140709	-1.169053	1.585027	0.362234	1.40639	1.01233	0.712643	1.298615	-1.961453	-0.200821	1.033394	1.896685	-0.075385	2.526627	1.251875	1.356735	1.312424	0.732178	2.51408	2.365558	2.698925	1.546828	1.731154	0.357579	3.532164	0.472025	1.541307	0.722654	0.854645	1.979159	1.728711	3.633497	1.877564
GENE97X	STIL	STIL	1.0	1.01881	1.415704	4.144007	1.433008	1.572426	1.020231	0.147103	-0.703836	-0.197753	0.017464	-0.40422	-0.144052	-0.057075	-1.1915	1.098191	0.583715	-2.059434	1.131872	-1.13138	-2.263768	-1.731481	-1.115141	-1.098217	-2.832444	0.973804	-0.843428	-2.655265	-1.123919	0.0881	-0.656316	1.200563	0.263656	1.633827	1.350295	-0.942225	-0.784372	1.1574	0.718187	0.119762	0.536407	1.187227	-0.048542	0.801486	1.589462	0.034253	-0.39792	1.888555	1.367158	1.573114	0.185243	-0.270054	1.196558	2.761753	0.700822	2.36834	-1.216416	1.430279	2.347656	-1.929459	-1.848523	-1.681823	-5.243519	-1.152371	-0.500413	1.419664	-0.008731	2.641859	1.817843	-0.985007	-2.429808	0.923962	-1.125889	3.892238	2.047587	-0.540775	-1.257012	0.75034	1.222407	-0.167534	-4.53514	-1.811796	-0.577098	0.106268	2.748052	0.145094	0.787459	2.068646	4.207345	1.065717	-0.332375	1.407393	0.730721	3.913858	1.598565	2.106037	0.515499	1.08877	4.528109	2.879138	1.836729	2.837394	1.164867	-0.353531	3.022494	-0.857585	1.103882	-0.916372	4.478429	2.657815	2.681541	3.339057	1.182447
GENE30X	EGR1	EGR1	1.0	2.597407	1.470523	-2.412561	-0.216037	-1.449395	0.764207	1.100316	0.580917	1.541413	1.52189	0.880576	-0.415506	1.107098	-1.288189	-1.206588	-2.065183	0.43724	-0.41996	-1.200974	2.340824	0.999401	1.167607	-0.474528	-0.573302	-0.067961	1.1668	1.378166	0.0881	1.306937	-0.912178	1.717322	1.157411	0.768452	0.637643	0.758609	1.821394	-0.175498	-0.294992	1.689048	0.622081	1.538656	0.001089	-0.599572	-0.865189	-0.336418	0.042873	1.84967	2.939448	0.600382	-1.154192	-0.398331	0.765665	0.972748	1.24493	0.055522	1.22831	-0.189085	-1.138152	0.050894	-1.695929	-0.760233	-2.721882	-2.129286	0.684901	2.569939	1.504238	1.585271	0.420182	-1.357101	1.218571	-0.104486	-0.544643	3.50689	1.48064	0.028344	1.297807	0.441715	0.697679	-1.198911	0.160236	3.021107	-1.129601	-0.579447	1.470966	3.821533	1.33258	0.926168	0.158796	1.719802	0.077466	1.467803	1.5422	-0.967524	0.697694	1.673721	-0.866933	-0.156674	1.861646	2.209134	0.205147	0.502089	0.908309	0.134345	-0.137074	-2.465424	-0.10994	-0.100907	-1.276093	0.097919	-1.413728	0.779524	-0.285811
GENE102X	TMSB4X	TMSB4X	1.0	7.685757	2.870098	-1.825712	0.81419	-0.802189	-2.002863	1.221612	0.98248	1.699383	-0.127623	0.853096	0.321972	-0.38597	-0.083809	0.296516	1.33953	-2.283863	-1.221619	-0.141344	0.400539	-0.028624	-5.52232	-5.005311	0.603502	0.999353	3.152289	0.394809	-0.656316	-0.912178	2.636817	-2.168234	3.02901	1.764668	1.374509	3.199006	3.256321	1.970511	1.053356	1.129069	1.428193	0.200295	2.569394	3.177775	2.126215	0.977807	1.327278	3.511812	1.860334	3.931325	0.882198	1.986609	0.636231	0.252146	0.345949	1.588907	2.274663	1.059623	1.244368	-1.144079	-1.576114	-1.780802	-0.946236	-1.8217	-0.572045	1.535107	-0.773718	0.121482	0.248135	0.132937	0.695601	0.011607	-0.064819	2.818727	1.259459	1.885499	1.045667	0.334893	-0.697184	-0.827864	-3.38128	1.294752	-2.096464	-0.669347	1.024789	2.118006	2.12098	2.058192	-0.294341	-1.727867	1.426866	2.241409	2.258719	0.606259	1.169931	0.776918	0.257956	0.791807	2.070785	0.902056	0.124498	3.260463	1.501644	1.986111	1.495583	-1.777323	-0.202488	0.099292	-1.050547	2.153253	1.985865	-0.336058	2.294622
GENE3X	ATL1	ATL1	1.0	1.067236	-0.770733	-0.389174	0.963286	0.819256	0.554233	0.562174	-0.5011	0.741508	-0.488533	0.427007	-0.110447	-1.036482	4.10116	2.573193	1.868459	1.661345	-0.459115	2.907625	2.800416	-1.991693	0.978475	2.630677	4.344799	-0.237766	-0.329041	0.163963	1.200563	1.717322	-2.168234	5.204498	1.824332	-1.319275	-0.2398	-0.144221	0.088728	-0.918359	0.743054	-1.020825	-1.089637	0.716204	-1.17841	-1.325626	-1.747905	-1.173981	-0.868985	0.498215	-1.174116	-1.036697	-0.698554	-1.015089	-0.507945	-2.251214	-2.013473	-2.918053	0.117734	-0.073693	-3.977848	-3.699877	0.548555	0.542178	1.041147	0.686422	-0.698762	1.135099	-0.067876	-5.504549	-1.053317	-0.831538	-0.996553	1.617556	-0.102125	0.356632	0.147935	-0.693202	-1.471572	0.154132	1.684241	0.878148	0.968714	2.99453	0.989862	0.514257	-2.265481	0.246683	-0.678294	-1.782374	-6.824226	-3.111246	-0.813521	-0.230834	-2.080931	0.588971	-0.038102	-0.471593	0.366154	0.201103	-3.419262	-0.388093	-0.595524	2.867516	-0.602976	1.071692	11.224059	0.666942	1.079838	-0.549451	1.501712	-3.934256	-3.673047	-1.765398	0.654821
GENE39X	FOXO4	FOXO4	1.0	-0.693656	1.489001	0.955984	0.634159	0.306086	-1.184289	-0.129356	-0.646193	1.615372	1.714192	1.870853	2.35241	-1.839765	-1.138026	0.137322	-0.134307	1.110072	-0.333013	3.910938	0.87056	1.6805	1.259136	2.176479	2.955169	0.138163	-0.915824	-0.868822	0.263656	1.157411	3.02901	1.824332	7.871221	-1.412123	-0.352908	-0.057482	1.059842	1.030247	0.120582	-2.775635	-1.861544	0.338203	-1.825905	-1.119962	-0.806251	0.345558	-0.81409	0.377809	-1.230595	0.759866	0.313547	-0.8782	-0.334452	0.357164	-1.751613	-0.725843	-0.632394	-0.986482	-2.145319	-2.425253	1.247851	0.636435	1.782096	0.440368	-0.204565	-1.691465	0.065388	-1.232913	1.632535	-0.060883	0.086636	-1.612711	-0.550861	1.071026	1.262966	0.055229	-1.413855	0.117172	-1.275912	0.162499	-0.591351	-1.85842	0.067198	-0.397558	0.63918	0.1761	-0.509844	-2.538812	-5.947252	-2.647147	0.562547	-2.027933	-0.530892	1.966774	0.642187	3.691566	-2.296363	-1.108579	0.628251	0.3659	0.73214	2.53198	0.071213	0.785166	0.787366	1.61127	0.575892	2.695485	4.771398	-1.529159	0.396829	0.066543	5.37597
GENE24X	CNNM4	CNNM4	1.0	-0.095692	1.64867	3.35932	3.000225	2.354037	1.131195	3.312405	-0.062437	1.17486	1.637662	1.514465	1.505736	0.329921	1.466387	1.651682	0.933758	1.652909	0.584016	2.822779	0.730404	0.27551	-0.806198	-1.005518	0.866437	0.027074	0.594487	1.389029	1.633827	0.768452	1.764668	-1.319275	-1.412123	1.085044	-0.581313	1.153972	0.191379	1.345252	-0.567381	0.258338	2.415324	-0.821499	-0.786603	0.338399	-0.194681	0.224003	0.023612	0.427071	-0.823398	-0.113637	0.84175	0.081318	0.422623	0.611544	0.390068	1.759959	-0.296153	-0.689403	-0.262353	1.128115	-1.183476	2.506294	-0.304839	-1.920561	-0.404903	0.680455	0.591407	-2.448265	-0.644069	-1.805263	0.186652	-1.380342	-0.462421	-0.915728	0.077914	-1.767486	-0.735851	0.230538	-2.277944	-1.925509	-1.037913	-1.847145	0.199331	-1.055746	-0.032666	-1.311023	1.539104	0.45151	1.212939	0.853195	-2.921458	-0.878919	-0.779073	0.605863	-0.075162	0.002376	0.601526	1.769678	2.051784	1.454815	-0.269421	0.292118	1.199251	0.6395	-0.375339	-1.130523	-0.768361	0.366411	2.219581	0.971367	0.610642	2.182771	3.185286
GENE54X	KIAA1804	KIAA1804	1.0	0.947438	-0.469524	0.636692	1.748405	0.445093	1.357078	1.241818	0.133145	0.944848	-0.524768	0.309286	-0.786059	-0.38727	0.941538	0.89356	2.093913	2.243964	1.181863	1.718366	-4.082502	1.192917	2.362436	1.970138	0.470944	-0.592538	2.172843	0.745828	1.350295	0.637643	1.374509	-0.2398	-0.352908	-0.581313	-0.147526	-2.615124	-1.26924	0.005638	-0.983945	-0.95139	1.253741	-0.067861	-1.869109	-0.294938	-0.676545	0.326826	-3.01825	-0.936801	-3.554585	-0.705296	0.749759	-0.435121	-0.105003	-0.552744	-0.109056	0.550863	-1.26786	-1.699107	-0.281749	2.29679	-0.740944	0.94166	1.629221	-0.532877	-0.993942	-0.262621	-1.461129	-2.232157	0.386483	-1.247619	-2.591609	-1.214351	0.718754	0.375184	-0.92466	-2.422643	-0.570328	-2.204652	-2.358305	1.207113	0.441369	-3.005743	0.065567	-0.775595	-1.150884	-0.850588	0.14341	0.394779	-0.33955	-1.085311	-0.201863	-0.455729	0.448853	0.290178	-0.527539	0.193652	2.079446	2.073922	0.753111	0.568894	1.264643	-0.969414	0.650137	1.62959	-0.529829	0.092715	-0.433221	-0.105816	2.032639	1.008111	1.279541	0.501167	6.310778
GENE47X	HOXC13	HOXC13	1.0	-0.105437	-0.732961	1.950132	2.081261	1.805393	0.052804	-0.267909	0.099688	-0.051243	-0.137725	-0.764109	-0.567957	-0.547111	2.160628	0.898922	1.310813	1.334196	1.431747	0.753046	-2.745563	1.319194	-0.937448	0.684676	1.66017	-0.669505	-0.419922	-0.977645	-0.942225	0.758609	3.199006	-0.144221	-0.057482	1.153972	-2.615124	2.425163	0.401453	0.076961	-0.452772	-0.944332	-0.554176	0.586958	-0.872957	-1.18736	-0.66402	-1.170048	-0.973989	1.291389	-0.061143	-0.426044	0.031766	0.439597	-0.750398	-0.358069	-0.244483	1.454577	-0.372646	0.572789	-1.242711	0.852392	-2.624035	-1.438127	-3.34598	-0.501463	1.474501	-1.220945	-0.439549	-2.447988	2.228323	-2.357797	-0.001784	-1.675803	-1.106118	-0.267555	1.730315	-2.309488	-0.934699	-1.359105	-3.79044	2.341798	1.786274	1.656518	-1.382166	0.168275	-2.114276	-0.748529	-0.28467	-0.947619	6.920297	1.113568	-0.182766	-1.416284	-0.903323	-1.066508	-0.833671	1.738224	-0.698424	0.908708	0.514296	0.522888	1.358871	-0.077395	0.466053	-1.004214	-0.977274	-0.542556	2.708333	0.073634	4.823507	1.693248	2.799329	1.24059	6.368611
