	AHR_-_17338164.23-P1P2	ARID1A_+_27022167.23-P1P2	ARRDC3_-_90679309.23-P1P2	ATL1_+_50999374.23-P1P2	BAK1_-_33548176.23-P1P2	BCL2L11_+_111878321.23-P1	BCORL1_+_129116290.23-P1P2	BPGM_+_134331476.23-P1P2	C19orf26_+_1238161.23-P1P2	C3orf72_-_138665944.23-P1P2	CBFA2T3_+_89043662.23-P2	CBL_-_119076622.23-P1P2	CDKN1A_+_36646320.23-P1P2	CDKN1B_+_12869867.23-P1P2	CDKN1C_-_2907198.23-P1P2	CEBPA_+_33793774.23-P1P2	CEBPB_+_48807216.23-P1P2	CEBPE_+_23588994.23-P1P2	CELF2_+_11059740.23-P1P2	CITED1_+_71526082.23-P1	CKS1B_-_61808483.23-ENST00000600888.1	CLDN6_-_3068282.23-P1P2	CNN1_-_11649410.23-P1	CNNM4_-_97426363.23-P1P2	COL1A1_+_48279052.23-P1P2	COL2A1_+_48398427.23-P1P2	CSRNP1_+_39196217.23-P1P2	DLX2_-_172967845.23-P1P2	DUSP9_+_152912501.23-P1	EGR1_+_137800818.23-P1	ELMSAN1_-_74227099.23-P1	ETS2_+_40177604.23-P1P2	FEV_+_219850574.23-P1P2	FOSB_+_45971009.23-P1	FOXA1_-_38064583.23-P1P2	FOXA3_+_46367435.23-P1P2	FOXF1_+_86544016.23-P1P2	FOXL2_+_138666046.23-P1P2	FOXO4_-_70315963.23-P1P2	GLB1L2_+_134201679.23-P1P2	HES7_-_8027539.23-P1P2	HK2_+_75060993.23-P1P2	HNF4A_+_43029788.23-P1P2	HOXA13_+_27239889.23-P1P2	HOXB9_+_46704211.23-P1P2	HOXC13_+_54332230.23-P1P2	IER5L_+_131940785.23-P1P2	IGDCC3_+_65670566.23-P1P2	IKZF3_-_38020571.23-P1P2	IRF1_+_131826642.23-P1P2	ISL2_-_76628853.23-P1P2	JUN_+_59249990.23-P1P2	KIAA1804_-_233463315.23-P1P2	KIF18B_-_43025293.23-P1P2	KIF2C_-_45205402.23-P1P2	KLF1_+_12998353.23-P1P2	KMT2A_+_118306901.23-P1P2	LHX1_+_35293972.23-P1P2	LYL1_-_13213808.23-P1P2	MAML2_-_96076530.23-P1P2	MAP2K3_-_21187855.23-P1P2	MAP2K6_+_67410755.23-P1P2	MAP4K3_+_39664622.23-P1P2	MAP4K5_-_50999552.23-P1P2	MAP7D1_+_36621468.23-P1P2	MAPK1_+_22222272.23-P1P2	MEIS1_+_66662147.23-P1P2	MIDN_-_1248372.23-P2	NCL_-_232329555.23-P1	NIT1_+_161087799.23-P1P2	OSR2_-_99956605.23-P1P2	PLK4_+_128801906.23-P1P2	POU3F2_-_99282213.23-P1P2	PRDM1_-_106534101.23-P1P2	PRTG_+_56035430.23-P1P2	PTPN1_-_49126654.23-P1P2	PTPN12_-_77166524.23-P1P2	PTPN13_-_87515370.23-P1P2	PTPN9_-_75871826.23-P1P2	RHOXF2_+_119292286.23-ENST00000371388.3	RREB1_+_7107890.23-P1P2	RUNX1T1_+_93115606.23-P2	S1PR2_+_10342062.23-P1P2	SAMD1_+_14201736.23-P1P2	SET_+_131451355.23-P1P2	SGK1_-_134496214.23-P1	SLC4A1_+_42345604.23-P1P2	SLC6A9_+_44497266.23-P1P2	SNAI1_+_48599338.23-P1P2	SPI1_+_47400397.23-P1P2	STIL_-_47780136.23-P1P2	TBX2_+_59477100.23-P1P2	TBX3_-_115122232.23-P1P2	TGFBR2_-_30647920.23-P1P2	TMSB4X_+_12993106.23-P1	TP73_-_3568729.23-P1P2	TSC22D1_-_45011354.23-P1P2	UBASH3A_+_43823772.23-P1P2	UBASH3B_-_122526266.23-P1P2	ZBTB1_+_64970303.23-P1P2	ZBTB10_+_81398318.23-P1P2	ZBTB25_-_64971449.23-P1P2	ZC3HAV1_+_138794578.23-P1P2	ZNF318_+_43337335.23-P1P2
AHR_-_17338164.23-P1P2	0.466018702827	1.04340307143	1.36338451458	-0.606902573374	-1.31251473886	-0.321820197337	-0.206990448017	1.94721525714	0.659082661602	-0.339401275576	-0.711257441573	-3.07015639614	-0.420505837626	1.51539509875	-0.897161146287	-1.28646625301	0.341753236116	-0.82393531667	-1.1944445146	0.840791822753	-0.19145223678	1.02254561237	0.286316951314	0.63033383278	-0.242226346156	-0.857598139333	3.50218698914	-0.927950016875	-1.19044171854	1.68037143239	-1.28127559612	-2.66453580495	0.0405009699621	-2.25805561032	0.276028667197	0.188449224573	-0.987140299821	0.129565674269	1.30793806063	0.375851381465	0.608529412937	2.37660616461	-0.0615110705242	-0.948477089226	-0.01967199087	-0.0642008098377	-1.05618863381	-2.14685053737	-0.054250683085	-0.0210218969234	-0.214339586746	0.343827853998	-2.03278189492	-0.621999519915	-0.765713896786	5.6766749774	-2.18576278964	-2.19891779406	-2.25102197172	1.36186526253	0.776028180261	0.0673823051714	1.48955640647	1.12145664687	0.329239018778	-5.45436195828	-2.42357400067	0.930384802723	-2.69851896843	-0.0433701501068	-0.631212375002	0.54186935677	-2.10358451129	0.933806695748	0.268687033665	0.305364448819	2.9025892092	0.534636865757	-0.555802179831	-3.18108564119	0.681546272175	-3.25212679597	0.276903172119	0.164775972632	0.121555784342	0.364727630263	-0.359502155304	0.173284784823	-0.0580533850719	1.99444534725	0.370748132233	2.28385806843	1.22999636785	-0.714325593391	0.243932245635	1.33218106574	-1.04845067765	-0.664021776441	-2.19316664296	-0.345201776741	0.931442460583	3.2031510449	3.10911760207	-1.18968235083
ARID1A_+_27022167.23-P1P2	1.04340307143	1.25573584743	0.0612945933018	0.388504449546	-0.702610255622	-0.098253372745	1.10089418126	-0.967009682724	0.560266638799	-0.228081440216	-1.45916278692	0.394913067389	0.89242652102	0.256801766679	0.559295799751	-0.479518482956	0.759322256918	1.87180799868	0.729749521109	0.531143363922	0.023010776426	-0.231893013418	-0.580241823688	1.64136217	0.662722649067	-0.501225308581	0.813288905007	1.18397445141	1.60955388884	2.23209505783	0.551555663684	-1.37221589725	2.90946195323	0.0965279903627	0.658467925795	1.46879587654	0.90040511586	-0.111909775975	0.593205137642	0.46946205101	0.176575788668	-0.542851110404	0.649190392369	-0.226258143786	-0.473966879241	1.10311427541	0.853821367341	0.17056177922	-0.0781408227296	-0.599933165209	-1.06355300421	-1.18128094775	-1.1058080644	0.935741314052	0.926893442431	4.16322064765	-2.20937923184	1.4446705402	-0.00184896690565	1.10078869062	2.37270014687	4.22501371647	0.214010881548	0.299777627774	0.049838091752	-1.63377311099	-0.789298589714	0.714474173719	0.734717899954	0.190452181931	1.70256202339	1.32430961333	-0.104217270051	-0.0877248860851	-2.41816609979	-0.117516253301	-0.66742438783	1.79994067836	0.285656791332	1.21710264437	0.974406750958	0.787338817607	-0.0591908273313	0.44367223457	-0.204772067188	1.2156745243	1.11907960226	-1.03021763003	-0.63217045205	0.309547980781	0.912480477661	0.323755910437	1.14634151663	1.93092784605	0.579535353507	1.51920425147	-0.200126959113	1.18605769431	0.267170018019	0.315403118183	-0.52253354498	1.56524767807	2.97442636893	0.101693687671
ARRDC3_-_90679309.23-P1P2	1.36338451458	0.0612945933018	3.15622795635	0.941248247523	2.24127271313	0.320085172366	-0.396150088479	-2.24770992977	-1.7501289829	-1.14208278295	-1.27282014869	0.338072982382	-1.84829373911	1.55389336451	0.485390028564	-1.54669570165	-0.863380066922	1.00212920995	-1.04323756298	-2.75807344163	-0.839785286733	-1.7836800113	1.317395451	-2.62574079375	1.18508924643	0.412614451069	0.40266314201	0.793593627793	-0.643693152995	-3.29924620958	-0.439979195777	-3.06410983425	4.07629764748	0.426019215775	-1.17031670418	-0.453013112897	-3.07312801212	-1.40059773611	-0.569733243087	-2.22197149757	-0.702363349501	-0.709044414378	-1.16483375559	-0.119656197602	-1.31537697735	1.03916811606	-0.457706369555	-1.08847510927	-0.336850988906	-0.51908501864	-0.941002355703	1.27131268915	1.4554237765	0.358195444288	0.044311343361	-1.1194960341	-0.645541069657	-2.00891261905	-0.360760404362	1.96340637482	-0.0313667600047	-0.376790007262	-1.50040174948	-0.336687881918	1.21938876283	-2.61334610038	-0.515128175541	0.900489214011	0.817750229854	-0.737652078085	0.119819219089	1.17506608474	0.969053903417	0.231581569545	-3.33313178316	0.425887643128	0.840210429115	-2.09683869264	-0.0267843940908	-0.484793724694	-1.55498717162	-1.16318567547	-1.29584556355	-0.933331404784	-1.0307575662	0.619308541656	-1.4738107637	1.53929954703	-1.91765708064	1.67310664717	0.0652018509076	-3.98746367653	-3.2964512034	-0.223160101594	-0.557594569777	1.95536616251	0.319325370183	0.71905123657	3.34825382594	-0.604387338458	-0.624721476291	-0.474002289919	-1.73250705597	1.05584417451
ATL1_+_50999374.23-P1P2	-0.606902573374	0.388504449546	0.941248247523	1.67901025781	-0.0217370517209	-0.476474446356	1.89678277985	0.916082261732	-0.472706925727	-0.941764726834	1.41258701333	-2.57821525621	0.527651657864	0.537273070102	-0.0862118274595	-0.393920343308	-0.649215069058	-0.347018139454	0.579349252499	-0.0257387270222	-0.604528495116	0.919358981548	0.177978948219	-1.38444211744	1.23567084854	0.00737276598308	2.0785279895	-0.396426738436	0.667601623906	-1.86379208952	5.03477550906	0.507894859452	1.779843577	-0.367794343116	0.0852493998391	-0.161232961901	-0.206416708882	-0.981154322736	0.961541665982	0.0826819562032	-0.239393102217	-3.39510700798	-0.225261032575	0.436879916944	-0.153463665716	-0.444794619682	0.111964217719	1.22497766556	-0.0600009598521	-0.0824760894889	-0.642891806736	-0.420036693833	0.485908454284	-1.06848468315	-0.514607375669	-0.946680260543	2.22966266486	-0.573051951212	-0.333841203239	4.84263004212	4.32821432858	2.74896264356	-2.02442446252	-1.0153239108	2.28964974863	2.48916038622	0.219786505271	0.812074898369	-1.26822183365	-0.48404068375	-1.26615672423	0.202068721681	-0.54108514958	1.4463208322	0.543407556493	1.18089370805	1.33939532823	-0.119405793452	-0.0980381637465	1.19983808265	0.31470092215	-0.825201673951	-0.409697586317	0.703266447148	0.150611938189	-0.364058446965	0.614670642195	2.39536512017	0.657727806327	-0.127298511265	-0.30295190003	-0.612425064044	-1.50252137839	-2.99139411405	-1.07769193377	0.130435520247	-2.97228515579	0.150586806379	6.22317516096	-0.237673618347	-0.666511956084	-2.75219829238	3.46633292183	1.31079652759
BAK1_-_33548176.23-P1P2	-1.31251473886	-0.702610255622	2.24127271313	-0.0217370517209	1.16118976337	5.70299122954	1.46263509029	0.499088872818	-0.853258365452	0.369231405838	-0.406729547217	1.90303575569	0.588069897966	-0.134740927404	0.778675668876	1.78317393403	0.473930663911	-1.19317550824	-0.685502009353	-0.102446702942	3.44460024018	1.36971674788	0.386780088035	-1.82916282841	2.14068986473	-0.0654006214378	-3.95710229187	-1.12203992491	0.397042193293	4.33302731013	3.90288183103	-3.56666384396	3.83790877317	-0.337088878067	0.556070213642	-0.616513287543	0.194447373287	-0.314126046919	-1.77770511348	-1.18044974708	-1.95282450948	-7.63806923007	1.84056064552	-1.72769795207	0.70851919874	0.00800573414291	-0.045229904807	0.173927322087	-0.176080726832	3.04485027397	-0.618405483879	-1.30011709731	0.204345603207	1.77666344867	-1.72758592481	5.06332401428	3.50077101091	-1.69483591487	0.0625244681008	-1.53224970348	-0.400386499689	-2.22223998775	-1.631065091	1.34829716005	-3.98601105718	-2.1385692334	2.70716267811	-0.778681368069	0.158644189041	-1.75952041058	-2.18688297603	-1.24124959322	1.49249321499	-0.0115017996028	1.18468563501	-0.407176844453	5.42753394377	1.39281867361	1.31618699123	0.452303170626	-0.674363670524	-2.14103743188	1.84702147261	0.786865742697	1.1831431827	-1.63811334032	-0.369748178977	1.5545053959	0.0225843722572	1.53054355952	-1.03221474565	-1.93897321255	-2.06659643966	-0.649535769246	6.30165267101	1.75919035444	0.645563042112	0.139189023708	-1.15823976079	0.364900215857	-1.00840780073	7.70434889362	-6.31153704282	1.06908808979
BCL2L11_+_111878321.23-P1	-0.321820197337	-0.098253372745	0.320085172366	-0.476474446356	5.70299122954	2.09458677729	0.114006879792	-1.30149056494	-0.0148389856397	-0.749519197443	-2.08058686883	-1.88593758028	1.85943920864	2.0123485691	-0.47982466502	1.13840112516	1.34719019929	-0.819104483957	-0.883307713523	-0.711132131118	2.35830300412	0.493060370271	-2.68451387759	1.92754161842	3.78850459783	-1.24660209992	-2.3539974027	-2.56683294721	0.151243683355	3.04247962911	3.33593347862	-3.67070763021	1.87262008267	-2.69476056004	1.56551798842	1.26838517203	0.215042307239	1.72881165461	1.88432655186	-0.275184411393	-0.0143829080324	-5.62733542517	1.43155696735	-1.54847408638	1.25789578741	-2.68948131974	0.324448751816	-0.30494638543	-0.236257538921	-3.6891219158	-0.413014881905	-0.112500309801	-2.53654367591	-2.22174796297	1.15856833692	5.10716724262	0.252359453532	0.567278388735	-0.0486163730319	-0.847180488142	-2.94900557895	0.40890160583	2.56716900824	-0.00849121306397	0.243321814025	-4.50498518474	3.22370267179	0.704382343518	1.10866574755	-1.1024432034	0.23218276149	-0.882120391161	2.87545062634	-0.120961006481	2.01014744399	-1.55639884077	-1.97247316084	0.872732325713	-4.50591295307	-2.10827579234	0.311811924176	-1.44109502209	1.84955703038	-0.898546419103	0.512713550293	-0.687835333588	-0.613839402782	0.133563421835	-0.316012937494	1.61979081592	0.366363986886	-0.91278179942	-3.34010425435	-8.57695972697	3.03533426201	-0.72060323256	0.0423294510455	-2.01213611777	-5.97369984974	1.73801674471	0.477614248535	-0.709965626275	-0.292547312507	4.68342710742
BCORL1_+_129116290.23-P1P2	-0.206990448017	1.10089418126	-0.396150088479	1.89678277985	1.46263509029	0.114006879792	1.40346251173	2.53489669159	0.631005469838	-0.7640740547	-0.872298608762	-1.77193829986	1.39200511165	1.78909197144	0.953021967169	-0.852956898279	1.23507775533	2.03103573188	1.79792733835	-0.825687606033	0.550303284283	0.0742701098099	2.41656686155	1.50976856091	-0.573283634581	1.32895066311	0.302508633169	0.799402864279	0.430016160129	-0.356227715429	0.0189678379767	-2.65983432803	-3.25904941315	1.589953226	1.38390553329	-0.86534734846	-0.22333640497	-1.58569805879	-0.645527288295	0.652506346961	-1.36542201131	1.61102679674	1.6349172308	0.443201291219	-0.668514947622	-1.06289831039	1.25401689766	-1.46987488542	-1.92581447658	1.45031128149	0.154085816326	0.0777506205631	-0.633267889046	0.038789974197	-0.342196655357	0.805518277461	-0.328186525994	0.290579649916	1.16121172107	0.659995657132	1.62147367296	2.20529210905	2.64188896677	0.603083479913	-1.85966696251	-2.52943997687	-0.953285545215	0.123849549265	-1.21998409356	-0.0328421752414	0.785103211238	0.127412692229	-1.82202437517	-1.31546093282	-3.05314159547	-3.31060561991	-0.987822419056	0.307990463659	-1.13724747055	-0.781507722821	1.55150485459	0.0516276319981	2.80843968554	1.69467871926	2.68093759819	1.1394673503	1.29690984554	-0.278572260226	-0.579052748742	0.797166411515	-1.60766606944	-0.176862860287	1.76025740403	-2.62590653211	1.37496007968	-2.23397971871	-0.126512291007	-0.733886461394	-2.6269947177	0.614956726603	1.55338579953	2.34645398205	2.06999527859	-1.5171417726
BPGM_+_134331476.23-P1P2	1.94721525714	-0.967009682724	-2.24770992977	0.916082261732	0.499088872818	-1.30149056494	2.53489669159	-0.961803344328	1.33705026091	-0.839486082077	-0.806834603548	-2.95968098558	2.85334514394	0.112310504404	-1.19831335637	-1.84214678815	0.363178484583	2.05882366094	2.1480037898	0.570962218264	0.753210135543	-1.41208126457	-1.68290896117	2.32443648224	0.401517327629	1.13226044988	0.409588859474	1.47708699842	-0.426332925463	2.30588515672	-1.3868094592	2.05834391732	1.17160028015	2.01646311724	1.40998239601	1.39603049487	2.16426965879	0.74983321878	1.09806560957	0.948842748922	0.139883390767	-3.62250142433	0.749984588778	1.05542681812	0.990169164999	-0.143257182822	-0.0258737267805	-0.999795202616	-2.10312570991	-0.833721440716	-1.32325668286	-1.40669076176	-0.480522742134	1.29786279378	0.489558704328	1.06984062725	-3.10546134089	-1.47842290524	-0.545009262198	2.49076494719	1.22279993764	2.9611183146	0.722910230541	0.941004825913	1.68184793453	0.959633678434	0.492986115175	0.0248823497855	1.68239721778	0.330314569359	3.59294614514	1.99421303508	1.31737939267	-1.16355003861	-2.5079142683	-1.43880173	-4.74773173214	1.59785529704	-0.331754702752	0.112576106847	2.08470302147	0.322041952784	1.69930677949	0.473697591689	-1.90875672962	0.497147345825	-0.473882905465	0.83329422774	0.629024080652	2.17362281789	3.1311497057	0.997301125329	-0.13874347742	-4.02096937999	2.42985230623	-2.61890097911	-0.054951833532	-3.79413272611	-4.77964464098	0.718325621779	-0.800583217862	-4.55901856254	1.99665436509	0.698432492897
C19orf26_+_1238161.23-P1P2	0.659082661602	0.560266638799	-1.7501289829	-0.472706925727	-0.853258365452	-0.0148389856397	0.631005469838	1.33705026091	4.49901453037	-0.87178426854	0.00577961646053	-1.63526469961	0.194862557656	-0.219209802749	1.43832077518	0.680814719589	-1.10911373937	0.403286560108	2.85155575179	0.840006766635	-0.57352547738	-1.14120117424	0.1281234638	-0.260137817626	1.28254002423	-0.799589382607	0.563746446568	-2.04550060772	-3.28461459992	0.588137339243	0.204272643491	3.3685003675	0.673363006702	1.55282038929	-1.83661003242	-1.52909495015	-2.43535186182	-0.892020876965	0.870060750684	0.924246533418	0.113361128671	-1.17033063246	0.297812919755	0.936049245322	-0.394707482748	-1.21024555535	0.663618529305	-2.193751783	-0.869930296421	1.69554489742	-1.58987017031	-1.86532669913	-1.56239316457	0.908183339762	0.862459125797	-5.88935017714	-1.85237782408	1.13328192509	-0.172806527139	0.931387132292	0.448395200378	0.568400208462	-2.16807945921	-1.22226000903	1.30767036778	5.28743274894	-2.31063134917	0.285345475312	-0.0815146812877	0.36637619796	0.68957516181	1.42433068289	-4.37712404898	-2.14147779831	-3.57703111955	-0.322085544878	-0.399200954914	-0.545596323976	1.60669180527	-1.70861441435	0.167009555084	0.790067983617	-2.17432099571	0.553521389856	1.75818862954	-4.0469714691	-2.78175892587	3.74015661843	-3.97619175563	0.749891023408	1.48230622199	-2.7251103783	-3.57078456667	-6.59448990231	0.635646658873	-0.461658202076	-0.502618282034	-0.689414773787	0.543967623626	0.969949201632	-2.03566386487	-3.99572519911	2.24445403541	-2.18518379487
C3orf72_-_138665944.23-P1P2	-0.339401275576	-0.228081440216	-1.14208278295	-0.941764726834	0.369231405838	-0.749519197443	-0.7640740547	-0.839486082077	-0.87178426854	1.36854962029	-1.23784627429	-0.088934349594	-0.178073129749	0.403067217252	0.233614871249	-1.06712152414	-0.368274281443	-0.800649105433	-0.952003246908	-0.741003519852	-2.34671584533	-1.30864414691	1.30501719371	-3.83174141453	0.48516229995	0.153110207998	0.430603139918	-1.48126457573	0.510759447982	-2.19137928455	-1.34748181853	-3.5405127644	3.26650847011	0.688913875348	-0.34629766184	-0.725173994498	0.0328837751713	2.23573469485	-1.01337330485	-1.64402080541	0.439640478024	2.66399218309	-0.568862014085	0.786264924453	-1.26350553364	0.323564455253	-0.0112793649955	0.358343573914	-0.612441577079	1.91485488065	-2.07162888779	0.511514955769	-0.276160341961	-1.41278916191	-0.746993275296	-4.31942194159	-1.38149375486	0.205053189023	-0.787707655187	-1.31543812679	0.292500711815	-1.0868242796	-5.14281658321	-1.79237481195	-0.057175313935	-0.695246503838	-0.0566031172445	-1.07970263095	-2.30230066145	-0.473369620782	-0.92960880921	-0.853689303269	0.393258576554	-0.494183910862	0.512639738246	1.90045664973	1.56529901224	-1.69425114161	-1.54379533823	0.770142518494	-1.11519058912	-3.09712246355	-0.737964817789	-0.188501395199	2.6444183748	-1.01365457719	-0.77206623685	-0.361892407356	-1.03795099578	-0.450082820383	-1.03987090527	-1.25736077231	-1.2782802252	2.07267950949	-1.90090221271	-0.48949240157	-0.883174182663	-1.4412323823	-1.18254843699	-0.357308180859	-0.0163800136279	-1.76421690295	-2.81672880556	-1.54509599202
CBFA2T3_+_89043662.23-P2	-0.711257441573	-1.45916278692	-1.27282014869	1.41258701333	-0.406729547217	-2.08058686883	-0.872298608762	-0.806834603548	0.00577961646053	-1.23784627429	2.0019392216	0.284967567216	-0.524300721021	0.573115279733	1.50560899193	-2.29515424275	-1.76015305451	0.742302053982	-2.08872907807	-1.4179078818	0.110252066613	-0.413736343575	-0.174856192302	-0.968612000896	1.49831558837	0.567282643673	-1.24197260315	-1.74822852526	1.67448822871	1.19876338895	0.678180626002	-1.79164190573	1.32846532529	-1.42683888123	-1.47575978127	-2.09325669355	-2.15468404883	-0.982125093777	-0.874151818535	-0.712758645045	0.404468616583	1.12507673521	-0.0961700519448	-0.248056741437	-3.11165453542	-0.0667134440927	1.88231155594	-1.73533526323	-0.206042728875	0.171054698296	-3.26575750665	-1.18941057406	-0.297540895885	0.718178777661	-1.58739287678	3.90146483305	-3.60616262931	-2.56497666934	-2.98854048668	2.32172342462	1.12138546564	1.1952822992	-1.43721494759	-0.649742767421	-0.081226104526	-3.30868115629	-4.8223629571	-0.305555998623	4.46665713807	-0.662485203978	-1.85381498828	0.470135407895	-1.11692869363	-0.88946514312	-1.06532318446	-1.23050522829	0.302398060677	-0.876725893537	-1.23676208179	1.1010756373	-2.15405940049	-1.43626862653	-1.9851647945	0.094822064511	0.569815619317	-0.0635061247859	-0.116938231957	-0.0576925737027	-2.67005941843	1.11963260608	0.873966703163	-2.40775141286	-0.733524406527	2.59922499923	0.0310001899881	1.65758980692	0.534623301601	0.758614807225	1.27643355284	0.32877274091	-1.17513834764	0.0523826646283	-0.621034864671	0.58379933389
CBL_-_119076622.23-P1P2	-3.07015639614	0.394913067389	0.338072982382	-2.57821525621	1.90303575569	-1.88593758028	-1.77193829986	-2.95968098558	-1.63526469961	-0.088934349594	0.284967567216	1.92461525155	0.448408790523	2.14321429303	0.16141781209	-1.85452961787	1.33378073149	1.00940869013	0.391215495224	0.710951791833	-3.16329424663	-1.52143363193	-7.57770867261	-1.06707227929	0.169378139021	1.6765845606	-0.678903587592	0.625829957045	-4.94541466008	-0.156488779349	0.525276296834	3.37219798321	1.04916202815	2.4487052261	0.0515493097472	-0.244279257693	1.53421101086	-1.11950308041	-0.801081055194	-2.10151181329	-0.831421278728	-0.521761273595	-2.05609192802	-0.349666447407	1.35736381647	-0.301225030543	0.387440126202	0.132780003097	-1.68088223225	-1.22166351262	1.44462576166	-2.01180418499	-0.566039861096	2.58713940518	3.42200466545	-0.734204466152	-0.650514924644	1.07387809738	-3.49742053356	-0.608748011543	2.24144402898	3.45265594414	0.459653471264	1.0813081011	0.0270688738932	1.03325998095	-1.33365175763	-0.00527754506801	-1.10147390389	0.811481753602	4.89787448824	0.663307265652	-2.99933641492	0.00798340719988	-1.60442906444	-2.29622907304	-5.90966747532	0.090944102959	-4.02325900756	-0.0603932431563	0.684012883807	0.670888241115	0.19020473557	-0.148629192788	-1.81769759234	-4.04381115446	-0.994820443447	-1.27764611794	3.13600833812	2.31005694152	0.16028621913	-0.900619790795	0.718967839951	-6.12596935955	2.32141400395	0.0944636782274	-0.0728552450098	-9.9057485621	-10.8017020214	-0.155917717635	-0.674925671833	-3.95124308313	1.96711866943	-2.53650387488
CDKN1A_+_36646320.23-P1P2	-0.420505837626	0.89242652102	-1.84829373911	0.527651657864	0.588069897966	1.85943920864	1.39200511165	2.85334514394	0.194862557656	-0.178073129749	-0.524300721021	0.448408790523	2.98671477669	2.21269215113	-0.248506494225	-1.38047023913	1.22560269503	0.140188681677	0.290596747463	0.636304190054	0.958235993199	1.67491558917	1.05504930043	3.18231696892	0.976369774295	0.333924681261	1.52093876762	0.118670562731	0.0653879725634	-2.46191237556	2.00197198738	2.47879465739	1.6185215655	-0.241790705749	0.36514801078	0.155886202467	0.189113516964	0.0662304983936	1.50151982642	-0.637136280352	1.03066333021	1.7533163405	1.21607224526	-0.902991999973	0.848380020382	1.22796365343	0.0146844006083	0.344702559578	-0.3120512291	-0.473578390169	1.21234789598	-0.0508824501529	-1.48372049572	1.2332672758	-0.213141590089	-1.63652729592	0.854837257047	-0.473506952716	-1.13460244248	1.65610841662	-1.76100705024	1.03126108837	2.21487623481	-0.24494775648	1.7550141948	2.65710796567	0.00761457572802	1.14139677832	-0.450613734096	1.56544187927	0.06275347339	1.79880078176	-0.397064153271	1.0155944425	-1.95844481155	-0.313581145394	0.285874548619	0.143053138262	2.70047219739	0.858854893774	-0.380219578892	0.441161058243	2.49025968442	-0.681590834563	-0.485547877045	0.489675953621	1.97852183066	-2.32157595847	1.82475691614	0.269179629563	2.20869834375	0.571524629078	1.47292151761	-2.63267494201	-1.34882604181	1.36317738932	-0.0218993170035	-1.08250912423	-0.535400251901	0.954542294738	0.431091247919	1.53426313691	1.80411182869	2.01232555687
CDKN1B_+_12869867.23-P1P2	1.51539509875	0.256801766679	1.55389336451	0.537273070102	-0.134740927404	2.0123485691	1.78909197144	0.112310504404	-0.219209802749	0.403067217252	0.573115279733	2.14321429303	2.21269215113	-2.43770313285	-0.738297421016	-1.45852008138	1.83082135314	1.01352197009	1.34563839956	2.07349143903	1.21754163716	0.547578209783	-1.58772119307	3.3586735977	1.08037439219	1.14246395588	1.42039910864	0.23497304913	-0.966572847264	-0.486371290288	2.11760275072	2.30762206365	1.14582397054	0.964702700989	1.65117667706	0.853333075877	1.16701730877	1.3067452325	0.142295525139	-0.616772727587	1.8304167288	1.08693184099	1.42924605123	0.322415000075	1.72971694313	1.69481627469	2.6475987094	0.654144193072	-0.713144991259	-0.493788459985	3.3261363031	0.473175585045	-0.695473120235	2.39455607853	0.680675943222	0.331307929757	1.29522253068	-0.204603651229	0.382063287604	1.5821257497	-0.373582833354	1.18995256273	3.51227567777	0.92266818524	1.18100235026	2.39092840304	-0.117014684556	0.827706164725	1.30860529675	2.57986495093	1.04371314215	0.557679606263	-0.934888360192	0.62485666154	0.348470962775	0.962151183965	2.38875226507	1.23756572935	2.21286155455	1.19396684094	0.788450632247	-1.92457826718	1.56783194294	-0.219323171945	-1.10822608556	1.80568147399	0.0169780598819	1.98159124337	2.71606543119	-0.410174590251	2.95804021668	1.99486455003	1.76955255199	-3.27758883978	0.351089464743	2.68040150695	1.18101139892	0.0255415926834	1.9465546789	2.30918994829	1.43004718028	0.369596084515	2.34309795388	2.51601722827
CDKN1C_-_2907198.23-P1P2	-0.897161146287	0.559295799751	0.485390028564	-0.0862118274595	0.778675668876	-0.47982466502	0.953021967169	-1.19831335637	1.43832077518	0.233614871249	1.50560899193	0.16141781209	-0.248506494225	-0.738297421016	0.345731229236	0.411068365129	1.80455035781	-0.451026472265	0.243399683851	-1.17130852248	2.11679425756	1.28198635854	-0.939015343245	1.84116022682	-0.0977654536648	-0.374101245054	0.527435002424	1.04311917059	0.193652751127	-1.18409662575	-1.78369471098	3.54743079039	2.28206241344	-0.242689056411	0.00391883649032	-0.167118261463	0.192832761407	0.715170718854	0.401576992066	0.202327645334	1.78198693632	2.11507892231	2.14634998051	0.939305781987	0.666379098856	0.151261658305	1.12322462809	1.3994994887	0.192793382819	-1.06128709001	1.061023188	1.60614462899	0.357239796085	-0.100745039617	-0.242890307356	-1.85289716562	0.469335348512	1.23712109472	0.484440895959	-2.92082281407	-2.31682809824	0.069335520929	0.276227830896	0.0767115538337	1.02415876446	2.53073892333	-0.075320735037	-0.467585262527	1.3374982819	1.34603232898	1.11492943237	1.2080866961	2.01625668265	-0.155954881307	1.25072963012	0.942088675466	-0.511221349793	2.32226566962	0.447243201414	0.602586949138	0.442542052756	2.13034887142	0.486675023455	0.795101616258	-1.5452351774	0.885629326401	1.08049844123	-0.546572868835	0.260796293377	0.0665566381626	0.828645491661	0.976861025724	-0.748553148369	-0.0250914719023	-1.97810658939	0.238129738312	0.206074298106	0.804292083983	0.821879232361	0.0200908967419	-0.523331875026	0.0388739048162	1.0619102756	-0.414701700489
CEBPA_+_33793774.23-P1P2	-1.28646625301	-0.479518482956	-1.54669570165	-0.393920343308	1.78317393403	1.13840112516	-0.852956898279	-1.84214678815	0.680814719589	-1.06712152414	-2.29515424275	-1.85452961787	-1.38047023913	-1.45852008138	0.411068365129	-0.56235051761	-0.391156655857	0.636832309178	0.508169396048	-0.798580697931	-1.66634281435	-0.266389944799	-0.724289498862	-1.44614562294	-0.983044950172	-1.51978088708	-2.01644505585	-0.39161802939	0.359544312445	0.0225924157625	4.39460732605	0.175611963924	1.25237097405	0.414074501766	-0.146491359751	-1.58966534019	-1.81201639496	-1.41858111778	-0.650150788249	-1.56913745344	-0.273900827879	-1.4053332404	-0.718747094436	-0.0122942830044	-1.1415485675	-0.497787889318	-2.26270759736	-1.26030190056	-1.48237931031	-0.0658823394569	-0.131944717975	-1.97817399277	0.43426664327	1.747533964	0.950150269796	1.13446704516	-2.54483324126	-0.925506643254	-2.2030223333	0.589180463862	1.34185678859	-0.00160407948962	1.38624017588	-0.590582111665	-0.0418820028601	-2.5287322106	-2.34418700431	-1.41476677796	0.3321264483	-0.79715044624	-0.42345215602	-0.751296664428	-0.649694462051	-0.239424837065	-1.07654977409	-1.65019589634	-3.7553568047	-0.0450162784529	-1.36528156015	-0.519117308699	-0.300763627787	-3.49999244493	-0.138992944526	-0.323651298215	-0.968869851152	-0.682677486626	-0.986189536509	0.308224686396	0.231009651575	-1.17934237942	-0.467331201607	-1.8626349564	-1.89402135919	-2.6973617821	1.29321937454	-0.0698103275644	-0.0888939173359	-3.50691026246	-2.44306088498	-0.812129896125	-0.596557400173	2.84237489174	-3.27302918003	0.761592381198
CEBPB_+_48807216.23-P1P2	0.341753236116	0.759322256918	-0.863380066922	-0.649215069058	0.473930663911	1.34719019929	1.23507775533	0.363178484583	-1.10911373937	-0.368274281443	-1.76015305451	1.33378073149	1.22560269503	1.83082135314	1.80455035781	-0.391156655857	0.876803225408	-1.1474367216	-0.259839923362	-0.227994492279	1.63290270917	0.308632776896	-1.00103219423	1.2797230635	1.17907494959	-0.678683860847	1.57342108776	-0.428848312868	-1.53606155129	2.84698871305	-3.05608721446	2.21942804361	1.09550911889	-0.696913839102	0.34774702821	-0.583938456079	-1.13170485765	-0.283257604705	0.166350522299	-0.493303621113	-0.690991304636	3.10094190519	0.66821098028	-0.342477031382	-0.0446101111315	-1.66873425754	0.253011377095	-2.03912092731	2.13160317862	-0.669606126953	-1.4993284801	-0.595451068621	-0.987849889642	-1.89279503552	-0.708766497914	1.82036197692	2.55012772825	0.780337048581	3.35199242016	-0.436690470765	-0.931487215209	-0.237366918455	1.25098802161	-0.0189577717015	-4.17543720541	1.62732446274	-2.03850747293	0.264914139863	0.471586735662	-0.921699009617	-0.92655230399	-0.13194690584	-0.989361478941	-0.733321585856	0.137477441876	0.306613688566	6.52817390018	-0.189527488034	4.55241870683	-0.175716493712	0.291755257122	0.493705807026	0.784191031025	2.03968152673	-1.12285774209	0.884440522177	-0.618624702036	1.80895128253	-2.51062536071	1.31393211568	0.00433286952482	2.54191857329	0.075311398635	2.34160024783	1.37900829148	2.36407743194	-0.516490972808	0.0780878569301	2.41709865872	0.234364920188	0.473836791389	-0.718604010753	3.13398986589	-0.676450482598
CEBPE_+_23588994.23-P1P2	-0.82393531667	1.87180799868	1.00212920995	-0.347018139454	-1.19317550824	-0.819104483957	2.03103573188	2.05882366094	0.403286560108	-0.800649105433	0.742302053982	1.00940869013	0.140188681677	1.01352197009	-0.451026472265	0.636832309178	-1.1474367216	-1.0737114937	-0.306345483731	-0.0514963525914	2.23226955146	-0.148292077621	0.640737428392	2.60394013595	0.454610032358	2.6937944243	2.25064904775	-0.27059556398	-0.957316354349	0.431373335484	0.961951790574	1.75299546195	1.38887595094	-0.639741076452	-0.15319141304	-0.682368265925	0.660702693725	-1.7647401445	0.0632970171488	-0.0904342691312	-1.06560967472	-0.23275273128	-0.189833505435	-1.38790371723	-1.07934169351	-0.655542799439	0.171575340843	0.925138385134	0.12783622394	-2.34037451313	1.9294733086	-0.393962839287	-0.672938000136	0.474372531948	-2.3328261801	5.67454956722	1.43666429827	1.12243479279	1.87476132783	-1.44542900551	-0.151939731149	0.961511597856	0.766982571532	-0.364033181081	-0.44641506875	3.82054237463	0.518696562701	-0.575291384697	3.14522737313	-1.2727610339	-0.586121608519	1.82286374762	-1.54351092424	-2.0551251031	-0.771423831477	-0.992505994733	2.59353532989	-0.221319216707	1.66620306648	0.0430517847759	0.0231865672863	4.13910147078	0.133905275189	-0.137514624479	3.98207779585	-1.28618710721	1.13690252237	0.736136710073	-0.730275847048	-0.106750468449	-0.364505799709	3.63627126874	1.62504116046	2.04907090303	1.32463538448	0.00722037147538	0.6588003726	0.877732925607	-0.65869344526	1.74191020238	-0.00878335393747	-2.08794489192	4.83802804353	0.438597380881
CELF2_+_11059740.23-P1P2	-1.1944445146	0.729749521109	-1.04323756298	0.579349252499	-0.685502009353	-0.883307713523	1.79792733835	2.1480037898	2.85155575179	-0.952003246908	-2.08872907807	0.391215495224	0.290596747463	1.34563839956	0.243399683851	0.508169396048	-0.259839923362	-0.306345483731	-1.51406270769	0.291615879986	1.39870013104	0.253954918076	2.38870422909	0.650773201441	0.883723794575	0.23167810072	0.253546171478	0.899168256257	0.1562272459	1.66885433121	0.868198428816	-3.65241801987	-0.46279328256	-3.23468570383	0.545043340559	-0.182866612389	0.3561162008	-0.795026593236	-0.345543091025	0.334557067538	0.751822243103	3.9763061122	-0.73872211353	0.129461951377	0.769470181126	0.817199132641	-1.07814831068	0.356931795916	0.621228598245	0.501935586233	1.12533301424	0.271464394305	0.529120156894	-0.875794985456	-0.876109726142	4.15684374047	0.139743222952	-0.519360148514	2.11917033559	-0.635583772719	-0.629607583676	1.12117219459	3.68780811666	1.98824014077	-1.02410331732	-1.16063810713	2.40915864181	1.15955964776	1.42921430838	-0.396516340104	-0.971998165406	-0.588935378647	0.786098530076	0.902846856309	0.763093788603	-0.258465238133	3.97663228833	-0.334384244563	2.50270756178	-0.518010503173	1.53488433643	1.15313018563	1.05583210457	1.03249951281	0.22258852311	0.113752565715	0.878768314703	2.26843394312	0.943827224145	-1.43132565496	-1.05164306082	1.26108690494	1.17292596744	3.72059401052	1.27864361662	0.310693017308	0.305294085144	0.500038673455	1.1707170201	0.676915923412	-0.0593727024274	1.58168861269	2.33425585572	2.89678775381
CITED1_+_71526082.23-P1	0.840791822753	0.531143363922	-2.75807344163	-0.0257387270222	-0.102446702942	-0.711132131118	-0.825687606033	0.570962218264	0.840006766635	-0.741003519852	-1.4179078818	0.710951791833	0.636304190054	2.07349143903	-1.17130852248	-0.798580697931	-0.227994492279	-0.0514963525914	0.291615879986	0.633456393021	1.04306245699	1.11269403719	-0.151939114473	1.63452772151	0.569865636238	-0.251870074985	0.647037029109	-0.452501898185	-0.36703420577	-2.627220475	-1.38502268294	-0.642883416018	-1.29349546278	0.426434396132	-0.186929184216	-0.316646245831	0.988332391934	-0.0451312283208	1.67574831725	0.221459971733	0.366703412358	1.86417516693	0.890746638567	-0.491972393363	0.40058808101	-0.00621438660104	0.86761720252	-0.141128150031	-0.718761355866	-1.39361083268	-1.70647571939	0.47707980328	-0.094877679481	-2.3368283732	-1.18475613904	1.62442937109	-3.24312968275	-0.315285017937	1.52393426793	1.2024532269	-2.51470577701	-0.331063206288	1.68779857966	-0.00278251194473	1.50105465323	-0.713323514169	2.7935188849	0.146552590273	0.127665644749	0.483993817112	-0.204133758439	0.0613948288199	0.435558030577	0.961464051773	-0.0311987562613	1.64089113408	2.74386727883	0.065227676158	1.92404474787	0.611099563847	0.853303477765	0.487467472707	1.64648350597	0.88542072669	-2.21576988753	0.717397157485	-0.000308513782949	-0.320694261886	-0.637115575284	0.368426698287	-0.0848484393584	-1.72841492489	-0.0801749766714	1.82364865273	2.25340757898	0.0901380262176	-1.52188760848	2.45564291345	-0.195007835001	0.492951238443	-0.611231584137	0.950592584909	4.63948172511	-0.531439607771
CKS1B_-_61808483.23-ENST00000600888.1	-0.19145223678	0.023010776426	-0.839785286733	-0.604528495116	3.44460024018	2.35830300412	0.550303284283	0.753210135543	-0.57352547738	-2.34671584533	0.110252066613	-3.16329424663	0.958235993199	1.21754163716	2.11679425756	-1.66634281435	1.63290270917	2.23226955146	1.39870013104	1.04306245699	-0.423886570988	-1.64438120499	-1.84590800289	4.53982448725	-0.260017579563	-1.75900734399	4.20217309005	4.30606787795	-0.875539761093	1.70841022743	2.1473937511	2.0810249893	2.67074286592	3.50246547186	2.44299564195	0.205374023122	2.55705164157	-1.8587280477	-0.637229413691	0.563511111215	2.57612034	-1.38782746305	0.354292059826	0.10107612866	1.88417277137	0.445519126127	-0.209953741675	-1.31083149721	-3.2099916536	-0.961119817474	1.07635239776	-1.15035049244	3.12990120171	-0.589613289511	-0.570086059729	1.58901228965	-1.97653823502	-1.2693354939	0.248035068983	3.06023546973	2.87019240106	3.60479276483	1.90530479835	1.29506098606	0.716159607088	2.70858891662	0.638415907434	1.55560261371	-1.05829762099	-0.117275726649	3.28891262182	0.519355692297	0.879300249071	-0.416059124686	-0.3481784665	-1.60490810076	-4.62946658331	1.93286059591	-0.822616265297	0.0105031048876	1.22379788125	1.66329636997	1.84866241457	-0.408667393741	-3.79405293669	-0.830667497158	1.60346519083	-0.893440539773	3.8420163301	1.79484045456	0.851005149392	1.94833963983	2.75231353934	-1.72328408798	1.28798011966	0.194297808841	-1.46753820464	-6.24239776279	-1.9718693249	-0.315280950679	0.716901018824	-1.91188100113	3.10711211008	-2.2783973662
CLDN6_-_3068282.23-P1P2	1.02254561237	-0.231893013418	-1.7836800113	0.919358981548	1.36971674788	0.493060370271	0.0742701098099	-1.41208126457	-1.14120117424	-1.30864414691	-0.413736343575	-1.52143363193	1.67491558917	0.547578209783	1.28198635854	-0.266389944799	0.308632776896	-0.148292077621	0.253954918076	1.11269403719	-1.64438120499	0.217185282892	-1.59023919014	3.31367528466	0.147124867338	-0.572869916362	1.41174987464	-0.682870638046	-2.15432278737	2.00372623354	-0.506454998427	4.99912583456	0.338894732421	1.90994036534	0.418400814713	-0.778609157964	-0.594186762516	-0.75466512232	-0.127970213092	-0.105347273062	0.829898933563	-0.786626997987	1.3211055422	-0.718038276299	-0.595858844472	0.269827857113	0.0437782735059	-0.869567739073	-1.30462199341	-1.02720959008	-1.22932979362	-0.216089908591	-0.740596866529	-1.19553570297	-0.608317342421	-8.33077653419	-0.197639081532	1.09993384785	0.277330002956	2.54325835767	0.989470932449	4.1860733851	0.0326286980371	-0.296117562109	1.60702024616	4.73000412878	-1.94988840874	-0.679651145699	0.852144547932	0.945768248279	-0.507944497023	0.0713429408811	-0.67401781269	-1.60034245	-1.00917669262	-1.26031396011	-3.53074042876	-1.25395526481	0.600081003361	0.525700058	-0.509866499042	2.70796479713	1.56129892255	-0.60866521569	-2.67771543144	-0.926484187971	-0.156513031724	0.334203728372	-1.71777617272	-1.58000553624	0.469442760197	1.72828980615	-0.953599971992	-5.87480744603	3.27118896338	0.794617813928	-0.901692888149	-2.8383376504	-3.46347468857	1.12244161277	-1.39320472192	-6.0515371805	4.90812539375	-0.240830120572
CNN1_-_11649410.23-P1	0.286316951314	-0.580241823688	1.317395451	0.177978948219	0.386780088035	-2.68451387759	2.41656686155	-1.68290896117	0.1281234638	1.30501719371	-0.174856192302	-7.57770867261	1.05504930043	-1.58772119307	-0.939015343245	-0.724289498862	-1.00103219423	0.640737428392	2.38870422909	-0.151939114473	-1.84590800289	-1.59023919014	1.46204333651	0.468242626141	-0.690840973579	1.91791633389	-0.797516352892	5.45927398551	-0.964288198122	0.404989078778	-0.175433552352	2.71790293415	0.61524275666	3.42968607107	0.181214549402	-0.633073538889	1.00294356966	1.27169139707	-0.0874674227322	-1.95608845334	0.766457575877	0.700361172317	-0.425759645079	0.458005221182	0.552163233369	-0.994683104377	-0.266937400854	-2.36941673873	-3.19058200716	-0.762615272132	3.22187938999	-1.63240121579	0.321050986027	4.01313799993	3.25264186568	-3.16320566103	0.562248271173	1.28432204873	-6.55926206168	0.713106599182	1.18801185206	1.77398790557	2.55625009534	0.164964190415	2.62868087349	1.7348330308	0.600881459117	-0.640377871027	2.9071451076	-0.984534265516	4.8460597418	-0.150869389501	0.492441584757	-1.8325989474	-2.41706154279	-3.64079877019	-3.3116472821	0.233250956811	-5.80752145735	-0.58541554016	-0.835174433171	1.01410165346	-1.47700108644	-2.70945960256	-1.98785949005	-3.56299082407	-2.22256433543	-2.10750570471	2.15210647303	-0.412264775572	1.93772716666	-3.32259162295	-0.431040461329	-3.06148595531	2.27831038241	1.55033068224	-0.0117325928971	-12.6002829935	-13.0648775158	-0.766587414916	0.0446553187452	-4.50004310518	0.93544189588	-1.33983533568
