	AHR	ARID1A	ARRDC3	ATL1	BAK1	BCL2L11	BCORL1	BCR	BPGM	C19orf26	C3orf72	CBFA2T3	CBL	CDKN1A	CDKN1B	CDKN1C	CEBPA	CEBPB	CEBPE	CELF2	CITED1	CKS1B	CLDN6	CNN1	CNNM4	COL1A1	COL2A1	CSRNP1	DLX2	DUSP9	EGR1	ELMSAN1	ETS2	FEV	FOSB	FOXA1	FOXA3	FOXF1	FOXL2	FOXO4	GCH1	GLB1L2	HES7	HK2	HNF4A	HOXA13	HOXB9	HOXC13	IER5L	IGDCC3	IKZF3	IRF1	ISL2	JUN	KIAA1804	KIF18B	KIF2C	KLF1	KMT2A	LHX1	LYL1	MAML2	MAP2K3	MAP2K6	MAP4K3	MAP4K5	MAP7D1	MAPK1	MCOLN3	MEIS1	MIDN	NCL	NIT1	OSR2	PEG10	PIK3CB	PLEKHO2	PLK4	POU3F2	PRDM1	PRTG	PTPN1	PTPN12	PTPN13	PTPN9	RHOXF2	RREB1	RUNX1T1	S1PR2	SAMD1	SET	SGK1	SLC38A2	SLC4A1	SLC6A9	SNAI1	SPI1	STIL	TBX2	TBX3	TGFBR2	TMEM173	TMSB4X	TP73	TSC22D1	UBASH3A	UBASH3B	ZBTB1	ZBTB10	ZBTB25	ZC3HAV1	ZNF318
AHR	2.07624856418	-0.821761578346	0.149728859344	-0.27875095274	-0.442400391644	-0.0720995494719	-0.352299289439	-2.76443397001	0.723488819669	0.16504450978	-0.3783523726	-1.19004772458	-1.05683906213	0.168499680174	1.17235772587	-0.517928941369	-0.962229950557	-0.477001127416	-0.879851262231	-1.92825961602	0.00412837989402	-0.0369354521879	0.669398445871	0.232152604935	-0.268164360318	0.0532751124328	-0.355635165407	3.12096279014	-0.838314495189	-0.961273692011	-0.420299828396	-3.2021641798	-3.5002349734	-1.4555060167	-1.81733320967	-0.0910425318432	-0.618488346374	-1.66214984498	-0.584950243911	-0.0976174318193	1.05347111517	-0.00639351692858	1.61350118268	1.1492589926	1.15192901186	-0.255955485834	-0.493255380142	-0.545835675778	-1.61681947769	-0.896149212812	-0.312555404316	-1.61565081913	1.25446872592	-0.600204202355	-0.623814920711	0.0313221461016	-0.730380704578	5.42830533177	-1.35619211522	-1.45694406231	-0.282964415602	0.422653341134	0.210397173182	-0.598585155163	0.0790471090318	1.23162585579	-0.686768768126	-3.8174524594	-0.350039568972	-1.94407459504	0.434326003451	-2.51690503912	-0.0158093688847	-0.496507054786	1.46318196833	1.06496881964	0.408720232998	-0.856813239307	-2.22777744276	-0.207300865627	-0.134469260666	0.122803202408	0.385618563191	0.899828415535	-0.357230494861	-1.63030072733	0.739754296149	-1.55682632087	-0.198617101806	-0.650277626368	-0.565091981585	1.07976858369	-2.3366152922	0.131973516651	-1.52705544787	1.2418322714	0.343510457885	0.45820663	3.17944765724	3.03241617839	-0.375573879259	-0.0185413030787	0.634090374083	0.206978298618	0.312254030977	-0.0521953406385	-0.763119084406	0.468555131913	0.116996836322	2.41230156963	2.12309294452	-1.80585653729
ARID1A	-0.821761578346	1.56520896499	0.0797843166504	-0.476073586786	-0.904955307575	0.878216851513	-1.0861273509	0.308987022898	-1.20488729068	0.110600215365	-0.155950689598	-1.75085219252	-0.339155772398	-0.339390787275	-0.547793694122	0.260663161339	-0.400217277551	0.415566708718	1.41898163633	1.02097459593	-0.644959270669	-0.696714867604	0.359040200285	0.20823727001	-0.707032451491	0.358530176495	-0.755028280823	1.07420162752	-1.71625477414	0.665391330734	0.0108730882593	-0.52762723057	-2.2150184722	1.19128102775	0.331759623644	-0.720236556664	-0.79014349364	-1.15765535172	-0.627565525336	0.504540670656	1.17727963968	0.965210365739	1.39920026823	0.446117478559	0.548746409854	0.202243685539	-0.793139096749	0.91959056976	0.491585879234	0.5622605514	-0.742925537799	0.977398227788	0.958766543966	-0.312112772349	-0.177261054979	0.846031608345	0.87125206779	1.77083130506	-0.745466775571	-0.566095874795	0.658736087947	1.03624384372	1.43686663385	0.660370025892	-0.791451221119	-0.150943822647	-0.541151665626	-1.13294393379	-0.0563561780104	-0.775053054524	-0.0288260434019	-2.01795918322	0.463520830113	1.59412663072	0.783850003045	1.15307522705	-0.022889625976	1.45782651324	-0.776206001778	-0.100091703248	-1.19781960161	-0.674033726196	-0.77112080217	0.465463137607	-0.731491087879	-0.290826999165	-0.249731380632	-1.38414347536	-1.20618066018	-0.5564659978	-0.136420894443	1.24745691969	0.458680723438	-0.405409771991	-0.279316601199	0.431432867705	0.0642375909491	0.595544406908	-0.830608480169	-1.45784771603	0.95734314941	0.179299695366	-0.128770021276	0.598897136491	-0.299325110082	0.0811023488289	-0.814862898621	0.046169780143	-0.468950791108	0.0147008141041	0.923885030237	-0.598871814457
ARRDC3	0.149728859344	0.0797843166504	0.0249852975816	0.140326966928	1.4253824401	0.170647356045	-1.10488990595	-0.170483910806	-0.924721481529	-0.125720433454	-0.160394913468	-0.24349450257	0.372635577638	-0.255179691509	-0.285643345002	0.252597410858	0.213762454265	0.192979813194	0.301637638179	0.415626580212	-1.34477449658	-0.307671781121	-0.0462752829847	0.611041501575	-1.61584160721	0.246335739089	1.17003333663	-0.0487830885746	-0.745681722049	-0.521336643192	-1.06283115794	0.365601948262	-2.22528727214	1.68689801545	0.203293613631	-0.728965113194	-0.747305246426	-0.696185178938	-1.02030465204	-0.11479141854	-0.81493135326	-0.459869862329	1.08050269089	-0.899265291877	-0.290812488399	-0.399084667111	-0.577612726819	1.25848068957	-0.171495833081	-0.469296177852	-0.853299036017	-1.24517837457	0.128982035672	0.441758194848	0.432683579748	0.754710984036	0.398535244462	0.507626083703	-0.838696796232	-0.969685802449	-0.342866878746	1.668572785	0.447802385094	0.227967668043	-0.387225817806	-1.74558361865	1.0292676769	-1.6685710338	-0.654453153092	-0.366746890042	0.0571466715402	-0.448855033759	-0.822273519322	0.178389441891	1.23502393064	0.928811101091	-0.283835310628	0.86695899198	0.722768490924	-1.94278391787	-2.19315294279	-0.179690842226	0.399835573254	-1.28685967304	-0.369313371246	0.188400873145	-0.605463528598	-1.74261539185	-1.61248828268	-1.23381595327	-0.84216888253	0.39879164045	7.52586458974	-1.17147829978	1.49665156667	1.08772304357	-0.159235668768	-0.385969460268	-1.55960525926	-2.27220306183	0.129639189085	0.985282293214	-1.00565753379	1.69183080523	-0.0847994405085	-0.315842558036	0.77650913075	-0.117979078792	0.217842832026	-0.313488656168	-0.834474521532	0.94992276224
ATL1	-0.27875095274	-0.476073586786	0.140326966928	2.70119000826	0.384509074885	-1.02699604583	0.123083193672	-2.24583174434	-0.342322607189	-1.53909951927	0.358443420985	-0.126157678999	-0.382781270635	-0.590959666059	0.358350355229	0.3659267141	0.0749490864805	0.0858299068969	-0.402232346193	0.157272004167	-0.680387116277	-0.249604632188	-0.697004908226	-1.65814756117	-1.29272803798	0.497905270124	0.142080050463	1.15904832989	0.0620910955014	-0.0470482360382	1.06730272577	2.66646138152	0.488165700081	1.11645579487	-0.374143741106	-0.919455506685	-1.0276724144	-1.1946261573	-0.968154970126	0.891683169178	-0.896627417423	0.495362257558	1.22661713698	-2.52432974728	0.263941926784	-0.471516988794	-0.735335445318	-0.0714339674295	0.377660860498	0.457188376046	-0.442540964485	2.285053941	1.04903701856	-0.0795238529605	-0.416079628247	0.67735330668	-0.727591071185	-3.62513747566	0.625786097954	-0.823095270569	-3.43294006068	1.32606509816	1.0993645943	1.12195157135	-1.38389627542	-1.75611687771	-0.642115734764	1.79479962889	1.21543570407	-0.733480228286	-0.106803892684	-3.23600796267	-0.649081666476	-1.00645445901	1.35014639668	0.886994458837	-0.764698838866	-0.0419328886698	-1.1582697476	0.370931110811	-0.345382413316	-0.150894323383	0.159310928346	-0.512828153563	-0.507531093415	-0.0220687525559	-0.871985895172	-1.81109163539	-1.91072322915	1.18479726439	0.384858157243	-1.78491273352	2.32504206162	-0.323539884548	3.30251714938	0.839301705551	0.355459511962	0.648884256929	-3.56956587171	-3.35286919992	-3.80958249874	-0.409187953104	-2.21152488422	0.248447439565	-2.64564293896	0.628084822293	6.95950621207	-0.648533089585	-0.628977553755	-0.94079950058	0.889445187255	0.782144182507
BAK1	-0.442400391644	-0.904955307575	1.4253824401	0.384509074885	1.21739697295	3.51203192457	0.0100046928176	-0.792771467684	0.83357486341	-0.233788069132	0.518579163447	-0.904656369858	1.17370841566	0.292586232545	-0.321230279554	0.667466684235	0.593420783239	-0.190519308784	-1.28920147256	0.368623523449	-0.236208715489	2.95336538595	0.753459328759	3.38144894709	-0.296549927902	1.230446486	0.60135664195	-4.8085958537	-1.68816026205	-0.464813411547	1.92634408221	3.04999139769	-3.56694529489	1.37795226114	-0.181044876623	1.00375043103	0.836719425376	0.509347029107	0.150655382193	-0.551107062914	0.150036676296	-0.0772085376056	0.744762080839	-4.99931538778	0.163024690633	-0.913615076582	0.57078792466	-0.310424464063	-0.0900450019898	0.414859388479	0.394636188508	0.382011241777	0.778860711399	-1.25260995994	0.527240543009	-0.20731680363	-1.64248789277	4.33721930741	1.70687494129	-0.413219730024	-2.62483607948	-0.736649954896	-1.36419673694	-1.03973316152	-0.910270262751	0.566622198103	-3.56692302492	-0.668015989886	-0.400531085772	2.68544733438	-0.650462554066	-0.453844236743	-0.184887083526	-0.600893939331	-0.703432425	-0.100491621863	-0.595044446404	-0.636896857577	2.26375457262	0.605927568038	0.227758412646	0.186752679795	2.48094154125	0.422282429892	0.72486781651	-0.274687661488	-0.713342421125	-3.71785433794	2.10530189158	2.01241686274	0.595287286114	-0.443720681392	-3.38808589222	0.32778158118	1.19656756271	1.18797735997	1.01772115787	0.764055001374	-2.49032321227	-3.29260637982	-1.07358510549	0.0462541440684	6.86799175049	1.12018153314	1.91555526378	0.724162733588	1.03919893011	1.0140884043	-0.378398559013	6.27625716042	-4.37625820162	-0.711687659057
BCL2L11	-0.0720995494719	0.878216851513	0.170647356045	-1.02699604583	3.51203192457	1.10490873747	-0.339916552311	2.69635901776	-0.646563149779	0.0834521577326	-0.84469991425	-1.67489887837	-2.52592222324	1.4411386985	1.15427495329	0.730584244099	-0.108886763591	-0.613439117819	-2.01763516052	-0.828033518995	0.120044049466	2.34813476356	-0.0025057996173	-1.90610552525	1.40291167282	2.52858520625	-2.55247495541	-2.03993489634	-0.757402836887	0.594196795757	1.34678978993	2.92660259004	-2.28124131343	1.52964254535	-0.65109604593	2.0376577898	1.88452066386	1.24147943151	1.28938352654	0.696764384971	0.749365742342	-0.73938497663	0.644716017489	-3.53307662875	-0.519480641312	-0.437174392944	1.16962253999	-0.814135698272	-0.22152204208	-1.48573534621	0.307769457608	-4.12760361703	0.660330856242	-1.05162795858	-0.500783908446	-1.63237456969	0.275037187831	4.48364591519	-0.0406742088476	1.26601143863	0.973335932121	1.32929986545	-1.79025430587	0.320709329392	1.15452146835	0.390550798749	0.447243019085	-0.889644023487	0.652966230476	1.99996854122	0.549116002416	0.385368399785	-0.502883653482	0.0775273958231	0.422026339317	0.778777131035	-0.0441281794399	0.465969469836	2.11509642985	0.377666150066	-0.165438073798	-1.47613896141	-0.879233829241	0.790730145694	-1.94864849694	0.243928834834	0.411480985424	-1.73602117506	1.88896690197	0.370764322167	1.16864533018	0.667147255473	-0.107346645265	0.558890482287	0.600321091169	0.308092339574	0.791717124651	1.20864750864	-0.651726701413	-3.7704111073	-6.80079331823	-0.590703221367	2.88460437716	0.0494347123674	0.805412523058	-0.627547367207	-2.23310973651	0.0521445078418	1.2467801968	0.375919912055	0.186222600202	1.58085283629
BCORL1	-0.352299289439	-1.0861273509	-1.10488990595	0.123083193672	0.0100046928176	-0.339916552311	0.643406046168	1.14177696569	0.00806297102085	1.50740406905	-0.0212571087617	-0.845016480663	-0.914125506345	2.23003621829	0.994202991459	0.170987372228	0.677593755603	3.83386997102	4.27763517859	1.52462447158	-0.0273949614247	0.55909691275	1.67685972424	2.26401385437	0.529905751728	0.461389251761	0.426476448793	0.667779920195	2.25568763905	-0.324798471359	-0.791602182829	1.88878608031	-1.37070231967	-2.34009747686	2.24755538669	2.41948393312	1.98944742346	1.33028943468	1.01561193879	-2.01066585096	0.00866505117958	0.843836204968	-0.262150452443	-0.328732615881	0.063906887783	2.64156297879	0.694395555194	-0.522626363725	1.07267404925	-1.71684921519	-4.05024611963	-1.4213099819	0.0790694664738	-0.868246659724	1.80432062001	0.429892031141	0.983364365588	1.38551135707	0.0108863222187	-0.772038728404	1.77091245643	1.54622046616	3.65415182716	3.02831648469	0.710418813929	1.6758522486	0.217783238669	-1.01470318016	0.693061807919	-0.783613129719	0.0592641003976	-0.374464599453	1.53712895929	3.35529736218	-0.0403888192796	1.51995050648	0.843294671876	1.39289370241	-0.801717109884	-3.71346414832	-2.5289375266	-4.58744521089	-1.74531947881	1.47206598648	-1.2865764937	0.828172753032	2.20069748869	1.2294405927	2.30286159902	0.628527666301	-0.381731356492	1.92789104159	0.0709387489702	-0.625208249181	-0.297436643905	1.25652140821	0.688525144641	0.409780281666	1.50566716611	1.86216290083	-1.6175057022	0.658596564976	0.443005721734	-0.891926573582	0.00441488092473	-0.343845617689	-1.73535845454	0.542242682611	2.08285496534	0.777355983002	1.63334391839	-0.953536437552
BCR	-2.76443397001	0.308987022898	-0.170483910806	-2.24583174434	-0.792771467684	2.69635901776	1.14177696569	-1.89474643818	2.03788779636	1.13761301366	-1.16949013645	-1.3962386685	1.82995732066	0.207054596966	-0.608280633457	-0.283169873515	-0.441027165155	0.36060590765	2.08305695971	0.279727909109	-0.1046305567	2.24726340031	1.8130582613	1.349817486	0.481688297205	0.462250539927	-1.03905075574	1.35637434136	-1.29238303478	1.66366210001	1.16005023226	0.409215856629	-0.518433165579	-0.313409691222	-1.02360670339	-1.07102894288	0.144693517844	-0.820705656052	-0.541554434097	1.08923543536	0.911144986913	0.133961496724	0.0278842771001	2.29831050646	-0.300469513951	0.349038723803	-1.72631260989	0.748779681578	0.260227250854	1.79470847765	2.65046502727	-0.605046266782	-1.55229155773	0.158398398018	1.16890349066	-0.96501484852	-1.01622474427	-0.0436776852383	0.713423640365	-0.167433644367	2.80584480091	1.24826161194	0.501820347411	0.70327162738	0.712028208187	0.224802876851	-2.81568380814	-0.0542015361249	-0.461786537439	0.113060663815	-0.770039474289	1.95705172663	-0.518804981759	-0.538974614418	-0.581305450783	0.0217514919189	1.65578883135	-0.67701942929	0.139097003052	0.401514818696	0.559547309182	2.9992415679	2.73333871634	0.841429863899	2.80762536228	0.913813583544	-0.341959484071	1.23422390502	0.626877192325	1.6071228176	-0.430708645744	2.96323364589	0.743976641237	-0.902383194462	0.587004464474	0.0627318624045	0.63915766769	-1.60928101475	1.37271930783	1.76013908979	0.592566712995	0.251970163837	0.368170218208	0.464927398706	0.764726356375	1.19911274259	2.59905526967	1.37180279595	0.196302750682	5.77554249717	0.517189091086	0.292005297563
BPGM	0.723488819669	-1.20488729068	-0.924721481529	-0.342322607189	0.83357486341	-0.646563149779	0.00806297102085	2.03788779636	0.448892501928	0.659606854153	0.220537400946	-0.479873085644	-2.73976268891	1.19875486985	0.875727951281	-0.227902533174	0.812083594996	1.75491644963	1.73841097154	1.2691785246	0.631781751663	-0.497718288871	-0.424383372517	-1.50394367832	0.976307131887	-0.285531029312	0.722460283308	0.21276459374	1.30943369324	-0.861999251113	1.70670287802	0.745196786418	1.44521451123	0.259555898952	1.88003946628	0.544809137235	0.533147578861	1.55272632308	1.83944552866	0.0799655761722	-0.265814252767	0.401877215871	1.52514750811	-3.08442172181	1.0421810801	1.58382788931	0.634747869474	0.404500358733	0.0861391500564	-2.8977553285	-2.78158006046	-1.76979322137	0.739026040405	-0.292569348743	0.284188385188	1.49291819263	0.831728398147	0.544899430334	-1.43517262515	-0.402408663068	-1.01967223348	1.56744875718	1.4703404988	1.76729225587	0.4662314241	0.549155578376	1.96037136808	1.17880352246	-0.0438044514876	0.442781329567	-0.565434050827	0.765238742496	0.790557347144	2.20644517807	0.693262684142	0.721795718403	0.420986806299	1.89102619179	1.27818851461	-1.48759592233	-0.812477071798	-1.96315816854	-2.2260340579	0.864099658641	-1.23751996266	0.605414561868	1.97819960864	0.918460189672	0.956431797676	-0.114532044261	-1.60820637361	0.404032855127	1.74889166372	-0.562610409706	1.35371756679	1.63216878451	0.611483042828	2.16661385487	0.0441039291877	-1.39768687909	-2.92644379738	0.554549198217	0.709496090708	-0.943316754987	0.479934283612	-1.31353056637	-3.28434085103	-0.336079633363	0.183600952863	-2.81885592013	1.33004442144	0.470388227532
C19orf26	0.16504450978	0.110600215365	-0.125720433454	-1.53909951927	-0.233788069132	0.0834521577326	1.50740406905	1.13761301366	0.659606854153	0.0682247636454	-0.882887160324	-0.138517748709	-2.76983910962	0.221920052307	0.986609026057	0.623447209969	0.0766056537845	0.643986889804	-0.783565754965	-0.0712328509084	0.642986278282	-0.766566238428	-0.33897690507	-1.42364630681	-0.232898624045	1.02116177746	-1.1780275271	0.890733063032	0.0384950383056	-2.11420952217	0.604317071818	1.54333499249	2.67945256914	1.16301638836	-0.227174419236	-2.08621840817	-1.24485533844	-0.337293935746	-0.602829641505	0.208262597915	-0.414847878025	-0.135869271762	1.23481951045	-0.47455028013	0.938515971131	1.055179333	0.0194921077815	-1.23998369645	-0.0879799632918	-2.56170068402	-1.30598739404	0.437595928312	0.506132102467	-1.16711346849	-0.933103016648	1.3848890301	0.946896387198	-3.83942651786	-0.683560867653	0.922261412133	-0.408725145203	0.487057262638	1.489613232	1.31860871812	-0.518357392868	-0.432081463679	1.31895936157	2.07216133917	-0.823043624009	-0.739862430233	-1.42523945444	-0.919607383865	1.32481366165	1.10504168699	1.51109126627	0.308208398904	-0.800411733869	0.87109837266	-2.44489980259	-1.73133847333	-1.78533593953	0.089399034024	0.094838847297	0.0191304204051	0.880213052928	-1.00301687164	-0.192884364858	1.29062534522	-0.611106823044	-0.265697200452	-0.616490868944	-1.22888136331	0.76579426153	-0.89761725537	2.3618534519	0.114032262633	0.733263915554	1.52763480195	-0.821339733256	-2.61653229562	-4.4805984414	-0.638403793701	0.472299759232	0.965050240867	-0.551732487672	-0.107359826612	-0.938809821857	0.273975512283	-1.93195261654	-1.53505554521	2.3089486012	-1.35663121242
C3orf72	-0.3783523726	-0.155950689598	-0.160394913468	0.358443420985	0.518579163447	-0.84469991425	-0.0212571087617	-1.16949013645	0.220537400946	-0.882887160324	1.27711607154	-0.956633940133	-0.429453316436	-0.517684134572	0.114495328174	-0.105657759911	-0.393837278925	-0.517262802378	-0.941558170454	-0.455784352492	-0.527265705627	-1.85263483117	-1.08254410787	0.661657368912	-1.65126821321	0.715638422249	0.667590656913	0.520359232179	-1.89933830332	-0.445467842545	-1.95579047538	-1.92125265131	-2.58732827907	1.7865553672	-0.142328977995	-0.714847831425	-2.34527929758	-2.01088579173	0.995047559248	0.352298032143	-1.06999035691	-0.347869969517	1.84170498586	1.00298068278	-0.29342148604	-0.300573975451	-1.17183162364	-0.152072395193	0.588136311032	-0.199556416547	-0.93216785784	0.848880343281	0.690724407359	0.0650021777828	-0.592504306164	-0.399693091462	-1.11548658222	-3.18126126568	-1.64172706175	-0.88049173721	-3.02268907183	-0.609757294135	0.163106754364	0.211555365456	-1.76985173389	-1.80981741431	-1.99336027548	-1.293993886	-1.65610158206	-0.275326812129	-0.38933821515	-2.54535501544	-0.338419385991	-1.48298026065	0.912821302574	0.133447968783	-0.623122404937	-0.527031994788	-0.199322164408	-0.659824690977	-0.122661225996	1.1533953562	0.0693504900878	-1.29096182266	-0.457483300856	-0.0597910650199	-0.800829715162	-3.47577854848	-0.838788766455	-1.46729260205	2.02986990274	-1.26709444725	-1.4162977238	-0.866629299394	-1.07570285126	1.06457197228	-0.176178559767	-0.882898840078	-2.02562313178	-2.50718303056	0.698882257775	-1.82941615505	-1.78296248772	0.118186002324	-2.0926102355	-1.02100123323	0.205507202643	-1.4716857118	-0.261825227773	-2.06931947596	-1.77114124014	-3.04309175971
CBFA2T3	-1.19004772458	-1.75085219252	-0.24349450257	-0.126157678999	-0.904656369858	-1.67489887837	-0.845016480663	-1.3962386685	-0.479873085644	-0.138517748709	-0.956633940133	3.9878365296	0.785099771395	-0.525470981547	0.459566184975	1.59742040767	-1.20499675228	0.194428259854	2.38385252795	0.818345744358	-1.0160292988	1.25513357621	-0.383752124998	-0.135667183946	-0.80596950052	0.838683947752	0.321839386787	-0.398627113995	-2.42642266738	0.931900871337	-0.440797153571	-0.921453560412	-1.35789699777	-1.55700267117	-0.920422855189	-3.42180746582	-2.71081659142	-2.31140999921	-1.04343829312	-0.692341753472	-1.95967429935	-0.0226963293985	1.2701751053	0.710172928649	0.0276975134564	-0.356564461254	-2.52871102087	-0.00871626444318	0.588863831598	-1.96272683607	0.365119656035	0.583976524249	-0.429438552313	-1.4506219513	-1.34838248921	0.604032615379	-0.458985213839	3.17131791078	-2.03860793221	-3.42464701529	-4.76243646622	1.85263401089	0.363183513406	0.399097639818	-1.10692528762	-0.120932349379	0.0932515698417	-1.38060422267	-0.738277005011	-3.07086689593	-1.23728420977	5.0333291111	-0.00234096078982	-1.34684968149	-1.78820754398	-0.0567566735336	-0.351936477273	0.814067675715	-3.94479803927	-1.34511236765	-0.933152713475	-0.264703317342	-0.818660419801	-0.414995061213	-0.860404125858	1.43296120538	-0.861350799828	-2.55163086261	-1.82777521961	-0.455499716339	0.500875762049	-0.103597593745	-0.854005946011	-1.66667689526	-1.30661820669	-0.836540248536	-0.835301389985	0.255021316656	-2.59683856348	-0.578478923186	-0.162194184107	-0.181276448874	0.450202417676	1.3080464579	-0.455083016897	-0.479029501337	0.721403710405	-0.590217845275	-1.11588879146	-0.173734788967	-0.80936675206	-0.310072482141
CBL	-1.05683906213	-0.339155772398	0.372635577638	-0.382781270635	1.17370841566	-2.52592222324	-0.914125506345	1.82995732066	-2.73976268891	-2.76983910962	-0.429453316436	0.785099771395	3.55907278916	-0.0166343941092	-0.0707006677211	0.163241694146	1.2731521854	1.9523883305	-0.0380819263212	1.26261587241	1.44813592187	-3.22566334436	-2.03357530794	-8.82748757622	-0.958448344577	0.506452670647	1.39494488431	-0.311121545063	2.02325941341	-3.7381343704	0.886837604366	0.871593828723	2.49746508881	0.507622830326	2.93278048578	-0.00200696845627	-0.31270880034	1.02883442769	0.17916628055	-1.40411605841	0.361812859564	0.380438741728	0.960295813113	-1.71822121006	-0.0581155166317	-0.723724730792	1.06047430645	-1.00704666005	-0.858835124244	-2.30799230937	-2.74269973312	-1.11273974027	2.33856556998	-1.1067074345	-0.634475465938	1.82376008383	2.03853763307	-0.799341002758	-0.5147429793	2.08362117424	-3.8424265586	0.356605957405	1.82032673825	2.29564322276	0.232561459165	1.86798616656	0.910572120673	1.8372427433	1.01339269065	-1.03616008368	-0.39777030394	-0.711226068284	0.890369958124	2.88163576136	-0.367009443033	0.723187632709	-1.00460281219	1.30117401863	-2.7046794439	-1.00577451324	-2.16268329838	-3.63429288382	-6.52219850774	0.252959428307	-6.36645023747	-1.91422583909	1.54423746615	0.48441041587	1.28181794135	-1.81836282426	-3.71036665708	-2.43199556891	1.95989318505	-0.495460002116	0.182579997128	2.991407306	0.797990672525	0.73334224711	-1.18559744793	-0.97610764006	-5.37522426663	0.932789617369	1.59827689038	0.450722200777	0.22706410057	-8.67463119447	-11.7025989131	-2.32555557318	0.150187948335	-5.01041934702	1.42158566292	-0.795730339546
CDKN1A	0.168499680174	-0.339390787275	-0.255179691509	-0.590959666059	0.292586232545	1.4411386985	2.23003621829	0.207054596966	1.19875486985	0.221920052307	-0.517684134572	-0.525470981547	-0.0166343941092	-0.388354983453	0.721584894533	0.56490732423	-0.0471984992356	0.910240599733	-1.04819682561	-0.100076146288	0.923521447387	1.12508825979	0.737360795811	-0.42586441267	2.49269573071	0.858287888087	-0.406144087683	0.278953162561	1.61738039768	-1.33283907736	-2.17868801649	0.752678855686	2.72069167866	-0.931601031206	-0.962738019111	-0.00982140749231	0.0514567070912	0.973365339329	0.524803408574	0.232008481037	-0.845117650713	0.662218734525	1.98579457713	1.22380702899	1.49624007058	0.750393998172	1.47640920077	1.04144224187	-0.826524471525	-0.688856541978	-0.973501838163	0.193854810373	1.33832947496	-0.744335167007	0.321019116937	1.34190096096	0.459194555453	-1.14539625049	-0.12525189987	-1.35052542188	0.824604452163	0.992612666635	-0.494785921612	0.0553642525741	0.792848401048	0.101635532812	2.71199680685	1.28167989674	0.293423744583	-0.554839846351	0.677059488957	0.753703388555	2.48748046791	0.961746679867	1.70528435392	1.18052772533	1.42481438383	1.46112679609	0.407015228915	-0.759207976782	-1.87723393184	0.64950033029	1.78668629864	0.761587354086	2.51347138334	0.853946519345	-0.706764041172	0.182365465886	1.65388769533	0.715436162316	-2.18467897276	0.880961275024	0.524162292732	-0.115858456149	0.400917400387	2.79840184018	0.643544322924	2.86813248106	1.1970072387	0.642082343725	-2.62498098157	0.238284880199	-1.84723197584	0.9125110165	0.358602612533	0.118173036034	1.20774054232	1.88077772218	-0.207334075957	0.501785669424	1.20737719938	2.73538173953
CDKN1B	1.17235772587	-0.547793694122	-0.285643345002	0.358350355229	-0.321230279554	1.15427495329	0.994202991459	-0.608280633457	0.875727951281	0.986609026057	0.114495328174	0.459566184975	-0.0707006677211	0.721584894533	-0.108795712833	0.35663341917	-0.764947845043	0.982102866544	0.353577771949	0.537326702179	0.27785029381	1.32234665432	0.844766713767	-0.814612954416	2.26022572026	1.00744689319	-0.413266176291	0.496571007693	0.745720049336	0.919151496716	-0.416371212813	1.11258755583	1.54739815241	-0.339687190801	0.780136988872	0.547215964041	0.838940376015	0.0909429803272	0.598391606969	0.0454802849436	-1.37568910807	-1.08788366378	1.49768451758	0.619678231501	0.504560577115	0.514334611135	0.451068694983	1.07972109493	0.57572924941	0.569605484394	-0.0349045831468	-1.72308733685	1.81876557959	0.0173798855833	1.24586175797	0.0354696163248	1.42266834024	1.01179821296	0.859291743149	-0.587557541982	2.8264311881	0.498151805328	0.0683534217751	0.884721052202	0.975561709064	0.566210419598	0.0686347628423	-0.0429163859736	-0.617501695513	0.730391905915	0.1139772339	1.61119096794	1.31183358605	1.36316676928	1.54596826335	1.19977901479	0.54642882535	0.830011791253	-0.169436756379	1.19096849213	0.783850960539	0.287268982154	-0.744500383313	-0.0380286286522	0.364455872316	1.09065648461	0.433670192204	1.65185903604	1.09927592387	0.309530772501	-1.69726305118	2.53267364056	3.36883131022	-0.207326920961	1.00405078386	1.956887185	-0.138450649048	0.83646250656	1.58428634558	0.162543021804	-0.89474532333	-0.752571424569	0.549161460516	0.968281302613	0.331896042736	-0.17839093873	0.396687448067	0.86848200375	0.709702104038	0.701696632555	2.36164180887	0.600578292099
CDKN1C	-0.517928941369	0.260663161339	0.252597410858	0.3659267141	0.667466684235	0.730584244099	0.170987372228	-0.283169873515	-0.227902533174	0.623447209969	-0.105657759911	1.59742040767	0.163241694146	0.56490732423	0.35663341917	0.906352547828	0.698950830558	1.10303070085	-0.358347379381	0.0850538780642	-0.360166984507	0.833842818462	1.11831035538	-0.667863472853	1.67991989354	0.312317175435	-0.151111981804	-1.29867290932	1.60993272563	0.40051159689	-1.43475166725	0.224796828373	2.57880166115	0.970820583625	0.381738607508	-0.0206921112677	0.284541719854	0.594982066675	0.759211108107	-0.077448777703	-1.57244204391	0.217079015894	2.14860119783	0.622642530032	0.453180218267	1.3024163116	1.35616016541	1.04489323821	-0.447408513999	0.138744204109	-0.0326560541228	0.0455239828659	1.79454738914	0.368887983227	0.103254475676	0.942617366509	0.973603374359	-1.18294690011	-0.095990722532	1.27813344553	1.53204887302	-1.27369190673	-0.638102995279	-0.432803638783	0.477721673208	0.35310334542	1.88717048283	1.1956556314	0.893460624519	1.33393876649	0.347542954804	0.131416540756	1.66842205121	1.01827109361	2.04974572942	0.930919102203	0.166707380396	0.940131284604	1.77981202703	0.237339897003	0.463312204213	0.881694451638	0.205209377873	1.72036667336	0.875074879237	0.669179232787	0.300741510081	1.60093658263	1.07882537527	0.137056706779	-1.33239771963	-0.272866856099	-1.1290379455	0.859622197154	-0.484053591499	1.35093506095	0.617271549539	1.05408479729	1.45993805779	0.830260247715	-0.689776425596	-0.443021566927	-0.855431882435	0.25576420261	-0.240745221331	-0.142133666493	0.278058922477	0.0349170244761	0.789490898787	0.819938723308	1.53519762608	-0.03398912311
CEBPA	-0.962229950557	-0.400217277551	0.213762454265	0.0749490864805	0.593420783239	-0.108886763591	0.677593755603	-0.441027165155	0.812083594996	0.0766056537845	-0.393837278925	-1.20499675228	1.2731521854	-0.0471984992356	-0.764947845043	0.698950830558	1.16909313433	-0.817829743375	0.13739159389	1.10034797571	-0.726570547693	2.01118493194	-0.726019229795	2.42064885276	-1.02829897169	-1.06126813656	0.683777197611	-0.57747806642	-0.0638779417224	0.735976135761	-0.658581143351	-0.359919405452	-0.32858767982	0.556831544956	-0.717779289765	-0.803482477409	-0.702663375575	-0.31113435402	-1.03706312781	-0.356300028387	1.84825812698	0.406339404348	1.12349905217	3.10673267933	-1.03777291237	-0.907443804734	-1.1608950885	-1.24427776612	-1.43079802766	0.776423527521	-0.0870148746731	1.36122209715	1.5773559144	-0.766494485306	-0.195802741625	0.416982350385	-0.638021279693	4.31431335111	-0.786141604874	-0.65563496843	1.80883839611	-0.0523728211858	-1.88185247402	-1.37316629457	1.90561284078	0.401852806697	-0.617907474901	-1.05803489031	-0.335692293512	0.900185589491	-0.460470353394	0.35882283964	-0.816645992487	-0.990604620005	1.62797900713	-0.208483851613	-0.428484399146	-0.65995515467	-0.578900352056	-0.603915994118	-0.103762645925	-0.217957420862	-0.261450456823	-1.35710538878	-0.370775827915	-0.760816111283	-0.185500109753	-0.852003883776	0.704794759633	-0.79884742187	0.853976033992	0.620356164278	-1.99738627889	-1.10988771393	-0.647885708513	1.1724670191	-1.36736555734	-0.809957581024	0.618283619512	1.0146604931	2.00916868362	0.746015392061	-1.33736156987	0.311182581368	-0.199201560313	-2.04585967275	-0.184099541325	-0.286493466306	-0.70235976982	0.0556481775304	-2.17085454802	1.17402500244
CEBPB	-0.477001127416	0.415566708718	0.192979813194	0.0858299068969	-0.190519308784	-0.613439117819	3.83386997102	0.36060590765	1.75491644963	0.643986889804	-0.517262802378	0.194428259854	1.9523883305	0.910240599733	0.982102866544	1.10303070085	-0.817829743375	-0.0772187362258	-1.12842248781	0.343094403545	0.0611470493493	3.13328709007	0.358925701922	0.163365688938	1.15943628369	0.853507299385	-0.133151707408	2.01897497757	-0.347924730043	-0.0874130111001	0.643661487637	0.572640614642	1.88703043851	2.69327670874	-1.06910240402	0.33627447438	0.458820518422	-0.420897985077	0.430074056577	1.12788139235	-0.2428643632	-0.986805283961	0.481567427779	2.2584714994	0.8361866615	-0.625449233626	-0.265664778775	-0.606533931148	-0.182593261678	-0.286146018104	3.72036392806	-2.58958853506	0.915663636239	-1.50061323379	0.13756489733	-1.46337642559	0.170278344229	2.86027337124	1.43473288472	0.713231030662	6.55007200358	-0.555033193825	-2.10262173992	-1.18499891888	0.643543487985	0.903049884563	-1.81416779604	-0.0875729239728	-0.282832736004	0.864979756585	-0.10011494998	1.66139456796	0.0780119153071	-1.32586717733	1.55432933262	0.389381755779	1.37774104399	0.377126294717	-1.6005095985	0.368292248332	0.468426548796	1.072963962	3.6495983979	0.19045465846	2.85028552363	-1.15366272399	-0.195563922947	4.25444027503	0.865057529058	1.65644712629	-0.553650585629	2.174779285	-0.163812975912	-0.407258711216	0.752543233531	0.42332723484	-0.468885297641	-0.524969846244	3.07555473204	3.21829335591	1.46153054821	0.517894500655	0.836628855805	0.382799208828	0.127981171492	0.353900298774	3.03677522025	1.68661577081	-0.300844416419	2.7901936584	2.61248858295	-0.665923553668
CEBPE	-0.879851262231	1.41898163633	0.301637638179	-0.402232346193	-1.28920147256	-2.01763516052	4.27763517859	2.08305695971	1.73841097154	-0.783565754965	-0.941558170454	2.38385252795	-0.0380819263212	-1.04819682561	0.353577771949	-0.358347379381	0.13739159389	-1.12842248781	-0.678248742458	-1.09875318151	0.222433172	3.82783430342	-0.785300375187	1.04463159582	1.05116286091	0.645232233035	1.87524088432	2.56072401968	-0.294125626864	-0.828346164741	0.925919942805	0.917452012789	3.07132755276	0.903293260609	-3.62517991528	-0.233024260169	-0.39337144339	0.122641293477	-0.718387574532	0.864028130704	0.571697014152	-0.333002547509	0.524588111996	1.5315198412	0.15090431377	-0.886688270567	-0.157692360672	-0.10542630949	-1.39502356221	1.01019752635	0.760222198166	-2.82358252458	2.76021805277	-1.72884749004	-0.408370512116	-1.57299854174	-1.14487611349	4.46549309505	3.16246107122	1.06538853787	4.51100523021	-2.76787734093	-1.0153920668	-0.417793052225	-0.119128879585	-0.141407499303	0.480815613435	2.08053048871	-0.37438872839	1.45480810573	-0.616236042863	3.86738890083	-0.0106384019137	-1.19588340757	2.69162768481	0.60964494356	1.16667948734	1.27611986625	-2.22135075069	-1.27572309838	0.429912334272	-0.292592335459	2.9079259529	-1.12609881845	2.38607592769	-0.287313344547	-0.0097400845548	5.64532431105	0.358886856203	-1.14440466272	2.52609143816	-0.104356157225	-1.50974378072	1.66848088776	2.01775030853	0.274827252306	-0.497294815777	-0.0754886484139	4.79610463558	4.50499445178	2.66689271903	0.156160398826	-0.454871356533	-0.270648300681	0.358528393449	1.00017756653	1.04778376009	1.08436942947	-0.873819847579	-1.50021045555	3.48267300651	-0.298716005159
CELF2	-1.92825961602	1.02097459593	0.415626580212	0.157272004167	0.368623523449	-0.828033518995	1.52462447158	0.279727909109	1.2691785246	-0.0712328509084	-0.455784352492	0.818345744358	1.26261587241	-0.100076146288	0.537326702179	0.0850538780642	1.10034797571	0.343094403545	-1.09875318151	-1.62277856003	-0.872620054346	-0.866248029185	-0.644588128003	2.14478182209	1.25234095606	0.740458792745	-0.0404397603518	-0.0922584316551	1.47608777185	-0.756044141776	1.63098647116	0.870592722505	-1.37273892538	0.106123230732	-0.737753166795	0.640306029655	0.973402676487	-0.149443193053	0.362006845373	0.915647935245	0.624964099948	-0.899840587025	0.129441369978	2.22040403315	-1.77958379471	-0.763316854914	-0.59369912044	-0.621057067043	-0.415310060959	-0.763959485266	0.449508978049	-1.4452889861	0.815684397666	0.895062896857	0.78340234832	-0.325471675117	-0.155041690426	1.88069496603	0.506758442524	0.378979464888	2.75035151283	0.391355111988	-0.398091792136	0.31606760129	0.882349729226	1.5258341088	0.688187298818	0.446853081469	-1.29608415794	1.85808562267	-0.415688702387	1.73003478548	-0.672805727584	-1.1586291035	1.71663503826	0.270053529199	-0.0271573743342	-0.546754969885	-0.733432544071	0.368715988718	1.31628015234	0.65399454532	0.431051075851	-0.233637769853	0.818915628032	0.580511448832	-0.124333818375	0.368221152348	0.634234781873	0.810826293085	-0.8915980887	1.22762223158	0.874710460279	0.932456074824	-0.0932719579324	1.58874210832	-0.35093763128	-0.172588152367	1.18927321007	1.75386629107	2.19629888036	-0.322188667001	1.94715870494	1.58123399161	0.973387223863	0.595985777407	1.2054974126	-0.558857262884	0.134955370367	1.94148928946	1.20191251664	1.13809450435
CITED1	0.00412837989402	-0.644959270669	-1.34477449658	-0.680387116277	-0.236208715489	0.120044049466	-0.0273949614247	-0.1046305567	0.631781751663	0.642986278282	-0.527265705627	-1.0160292988	1.44813592187	0.923521447387	0.27785029381	-0.360166984507	-0.726570547693	0.0611470493493	0.222433172	-0.872620054346	-3.22506960853	1.46580450174	0.395424074852	0.356964541121	0.601117715788	0.626850057504	-0.474017563834	0.260277913121	0.206111396867	0.431715757062	-1.07533866776	-0.181846994723	0.474353200428	-0.779557312311	0.228210122105	-1.05368650266	-0.411226075524	-0.00922965225926	0.013474916941	0.0476916293805	-0.77927562634	-0.576786303878	1.13664846625	1.19328282265	-0.143143583242	0.320868919359	-0.445042972426	-0.0434284364947	0.585860380199	-0.676597777385	-0.453675844946	-1.80986418202	-0.310396142181	0.192674705191	0.499525391863	-0.763293690314	0.0637656830858	0.256382243509	-2.28490846153	-0.429947691208	2.25542508754	1.16714154392	-0.0136995437933	0.0414831436332	0.0541133310171	0.336124983618	1.08641363753	-1.40300876316	0.269935159891	0.220850274424	-0.538062399215	-0.531350443967	0.0711987938898	0.0130942198958	1.33422865287	1.19933171124	-0.110335054859	-0.47469182249	-0.158672933553	0.406252616721	0.108804744596	1.04685334959	2.13878344513	0.0736616669536	1.21831278347	-0.00242021568565	-0.244462111261	1.98399356365	1.3337716192	1.21756666075	-1.83834802723	0.950783739775	0.814696457945	-0.815418271266	1.22056917451	-0.125211411065	0.0935697098178	0.0525741735961	-1.00382486144	-1.08635698904	-0.422385275617	-0.290297569056	0.825196809394	0.258476019685	-0.176430713112	1.05225840412	1.09104939394	1.23152443925	-0.333113272452	2.09895747414	2.7216408426	-1.19080622531
CKS1B	-0.0369354521879	-0.696714867604	-0.307671781121	-0.249604632188	2.95336538595	2.34813476356	0.55909691275	2.24726340031	-0.497718288871	-0.766566238428	-1.85263483117	1.25513357621	-3.22566334436	1.12508825979	1.32234665432	0.833842818462	2.01118493194	3.13328709007	3.82783430342	-0.866248029185	1.46580450174	-0.423886570988	-0.641263333214	-1.74954707909	1.56555082537	0.593547522356	-1.48872092487	2.57212341742	4.5435918948	-0.829288918644	-0.271872999752	2.80435223896	1.91148143818	-1.50445563055	1.66970353398	2.19291030312	0.532034597317	2.02291892316	0.144526877493	-1.263116864	2.41262383667	-0.272003148515	2.44581803768	-0.705324967678	-0.539942001384	0.48382691492	1.29891284375	0.357495648751	-1.96197621207	-0.847263460639	-3.75752161234	-1.56953053097	1.65892452512	-0.0214202757095	1.41362157103	-0.3710316695	1.21545450765	-0.133081071145	-1.2603856654	-1.75452431421	1.82348761364	3.0812311936	2.82531219168	3.14267192472	0.658477398045	1.89995078532	2.06055405871	1.05485965763	-0.448431287156	0.125770927507	-0.0293923030391	-1.02625445595	0.0349722717761	2.10019081623	1.42367672083	1.37930004906	0.449554142804	0.656569064043	1.03968774296	-0.602969358482	1.02671340926	-1.54774386282	-3.17526116039	1.9778415847	-2.31394453943	0.355461493976	3.31875745646	3.07296975425	2.13478643015	-0.147188556711	-4.63262644617	2.07786645922	4.17174400412	1.04190027876	1.04765294339	3.09503606932	1.88692904644	0.722790813925	2.67734505533	3.07011072579	-1.86747597468	-0.443085037263	0.835793992408	-0.154515762044	0.086845579097	-4.41128861363	-3.29278849308	0.101630069452	1.6013235892	-0.226302917983	2.75474110249	-0.737064104304
CLDN6	0.669398445871	0.359040200285	-0.0462752829847	-0.697004908226	0.753459328759	-0.0025057996173	1.67685972424	1.8130582613	-0.424383372517	-0.33897690507	-1.08254410787	-0.383752124998	-2.03357530794	0.737360795811	0.844766713767	1.11831035538	-0.726019229795	0.358925701922	-0.785300375187	-0.644588128003	0.395424074852	-0.641263333214	1.81106513063	-1.57205916053	1.22442765432	0.705762132895	-0.863050607982	1.36871833496	0.664575637942	-1.04453194308	1.12043966633	1.44940492459	2.81245073297	0.177885584184	1.01864356188	-0.576078641481	-0.312834019514	0.0250167770502	0.462605738488	-0.565969536732	-0.843590032581	-0.477806358653	1.14321618377	0.5278045302	0.796480228128	0.0116618566927	-0.615328974206	-0.4146075033	-0.686717302584	-1.57014461535	-0.641815905986	-1.94106139917	0.726147382502	-0.648731163234	-0.0754425588746	0.180790422739	0.779079275417	-4.41397371402	0.414276297742	0.00471233351405	0.580099290228	1.77293401489	1.75867321826	1.64310530717	-0.379948454383	0.46209723852	1.52552793314	1.07750946193	-1.54047918705	-1.49001499536	-1.62379358519	0.75790070363	1.0704030443	0.286782723116	2.56805622936	1.48829365917	-0.488387600623	0.580545322192	-1.28667835907	-0.877314812738	-0.632963503563	-0.294952317093	-0.484029058256	-0.0289641183192	0.178240923738	0.467772751938	-0.228045777751	3.70035784647	1.83503681609	-0.26565305227	-1.49493210519	0.595105511769	1.00868601165	0.0766172356793	1.71480947657	0.452342305761	-0.271006439871	0.537639744941	2.32296321995	1.61905588854	-2.52999014781	-0.0801048637174	2.05536613067	0.0897111371353	0.421224548666	-0.344459535606	-2.87650220748	0.397506642114	-1.16753476772	-1.08650780886	3.48745204322	-1.06485438514
