,AHR,ARID1A,ARRDC3,ATL1,BAK1,BCL2L11,BCORL1,BPGM,CBARP,FOXL2NB,CBFA2T3,CBL,CDKN1A,CDKN1B,CDKN1C,CEBPA,CEBPB,CEBPE,CELF2,CITED1,CKS1B,CLDN6,CNN1,CNNM4,COL1A1,COL2A1,CSRNP1,DLX2,DUSP9,EGR1,ELMSAN1,ETS2,FEV,FOSB,FOXA1,FOXA3,FOXF1,FOXL2,FOXO4,GLB1L2,HES7,HK2,HNF4A,HOXA13,HOXB9,HOXC13,IER5L,IGDCC3,IKZF3,IRF1,ISL2,JUN,RP5-862P8.2,KIF18B,KIF2C,KLF1,KMT2A,LHX1,LYL1,MAML2,MAP2K3,MAP2K6,MAP4K3,MAP4K5,MAP7D1,MAPK1,MEIS1,MIDN,NCL,NIT1,OSR2,PLK4,POU3F2,PRDM1,PRTG,PTPN1,PTPN12,PTPN13,PTPN9,RHOXF2B,RREB1,RUNX1T1,S1PR2,SAMD1,SET,SGK1,SLC4A1,SLC6A9,SNAI1,SPI1,STIL,TBX2,TBX3,TGFBR2,TMSB4X,TP73,TSC22D1,UBASH3A,UBASH3B,ZBTB1,ZBTB10,ZBTB25,ZC3HAV1,ZNF318
AHR,0.46601870282700003,1.04340307143,1.36338451458,-0.606902573374,-1.31251473886,-0.321820197337,-0.206990448017,1.94721525714,0.659082661602,-0.33940127557599997,-0.711257441573,-3.0701563961400002,-0.42050583762599997,1.51539509875,-0.897161146287,-1.28646625301,0.34175323611599995,-0.82393531667,-1.1944445146,0.8407918227529999,-0.19145223678,1.02254561237,0.286316951314,0.63033383278,-0.242226346156,-0.857598139333,3.50218698914,-0.927950016875,-1.19044171854,1.6803714323899999,-1.28127559612,-2.66453580495,0.0405009699621,-2.25805561032,0.27602866719700003,0.188449224573,-0.9871402998209999,0.12956567426899998,1.30793806063,0.37585138146499997,0.608529412937,2.37660616461,-0.0615110705242,-0.948477089226,-0.01967199087,-0.0642008098377,-1.05618863381,-2.14685053737,-0.054250683085,-0.0210218969234,-0.214339586746,0.34382785399800003,-2.0327818949200003,-0.621999519915,-0.765713896786,5.6766749774,-2.18576278964,-2.1989177940599998,-2.25102197172,1.3618652625299998,0.776028180261,0.0673823051714,1.4895564064700002,1.12145664687,0.329239018778,-5.454361958280001,-2.42357400067,0.9303848027230001,-2.69851896843,-0.0433701501068,-0.631212375002,0.54186935677,-2.1035845112900002,0.933806695748,0.268687033665,0.305364448819,2.9025892092000003,0.534636865757,-0.555802179831,-3.18108564119,0.681546272175,-3.25212679597,0.276903172119,0.164775972632,0.121555784342,0.364727630263,-0.359502155304,0.17328478482299997,-0.058053385071900006,1.99444534725,0.370748132233,2.28385806843,1.2299963678499999,-0.714325593391,0.243932245635,1.33218106574,-1.04845067765,-0.664021776441,-2.1931666429599996,-0.34520177674099994,0.9314424605830001,3.2031510449000002,3.10911760207,-1.1896823508299998
ARID1A,1.04340307143,1.2557358474299998,0.0612945933018,0.388504449546,-0.702610255622,-0.098253372745,1.10089418126,-0.9670096827240001,0.560266638799,-0.228081440216,-1.4591627869200001,0.394913067389,0.8924265210200001,0.256801766679,0.5592957997510001,-0.47951848295599997,0.759322256918,1.87180799868,0.729749521109,0.531143363922,0.023010776426,-0.231893013418,-0.580241823688,1.64136217,0.662722649067,-0.501225308581,0.813288905007,1.1839744514100001,1.60955388884,2.23209505783,0.551555663684,-1.37221589725,2.90946195323,0.0965279903627,0.658467925795,1.4687958765399998,0.90040511586,-0.111909775975,0.593205137642,0.46946205101000005,0.176575788668,-0.542851110404,0.649190392369,-0.226258143786,-0.47396687924099995,1.10311427541,0.853821367341,0.17056177922000001,-0.0781408227296,-0.5999331652090001,-1.06355300421,-1.1812809477500001,-1.1058080644,0.935741314052,0.926893442431,4.16322064765,-2.2093792318400003,1.4446705402000002,-0.00184896690565,1.10078869062,2.37270014687,4.2250137164699995,0.21401088154800002,0.29977762777399997,0.049838091752000005,-1.63377311099,-0.7892985897139999,0.714474173719,0.7347178999539999,0.19045218193100003,1.7025620233899998,1.3243096133299999,-0.10421727005100001,-0.08772488608510001,-2.41816609979,-0.117516253301,-0.66742438783,1.79994067836,0.285656791332,1.2171026443700002,0.974406750958,0.787338817607,-0.0591908273313,0.44367223456999993,-0.204772067188,1.2156745243,1.11907960226,-1.0302176300299999,-0.63217045205,0.309547980781,0.912480477661,0.32375591043699997,1.14634151663,1.93092784605,0.579535353507,1.5192042514700002,-0.200126959113,1.18605769431,0.267170018019,0.315403118183,-0.52253354498,1.5652476780700002,2.97442636893,0.10169368767100001
ARRDC3,1.36338451458,0.0612945933018,3.15622795635,0.941248247523,2.24127271313,0.320085172366,-0.396150088479,-2.24770992977,-1.7501289829,-1.14208278295,-1.27282014869,0.338072982382,-1.8482937391099998,1.5538933645100002,0.485390028564,-1.5466957016499998,-0.8633800669220001,1.00212920995,-1.04323756298,-2.7580734416299997,-0.839785286733,-1.7836800113,1.3173954509999999,-2.62574079375,1.18508924643,0.41261445106899997,0.40266314201,0.793593627793,-0.6436931529950001,-3.29924620958,-0.43997919577699995,-3.06410983425,4.076297647480001,0.426019215775,-1.17031670418,-0.453013112897,-3.07312801212,-1.40059773611,-0.569733243087,-2.22197149757,-0.7023633495010001,-0.709044414378,-1.16483375559,-0.119656197602,-1.31537697735,1.0391681160600001,-0.457706369555,-1.08847510927,-0.336850988906,-0.5190850186399999,-0.941002355703,1.2713126891500002,1.4554237765,0.35819544428800004,0.044311343361,-1.1194960341,-0.645541069657,-2.00891261905,-0.360760404362,1.96340637482,-0.0313667600047,-0.376790007262,-1.50040174948,-0.336687881918,1.21938876283,-2.61334610038,-0.515128175541,0.9004892140109999,0.817750229854,-0.7376520780850001,0.119819219089,1.1750660847399998,0.969053903417,0.231581569545,-3.33313178316,0.425887643128,0.8402104291150001,-2.0968386926400004,-0.026784394090800002,-0.48479372469400006,-1.55498717162,-1.16318567547,-1.2958455635500001,-0.9333314047840001,-1.0307575662000001,0.619308541656,-1.4738107637,1.5392995470299997,-1.9176570806400002,1.67310664717,0.0652018509076,-3.9874636765300004,-3.2964512033999998,-0.22316010159400002,-0.5575945697770001,1.9553661625099998,0.319325370183,0.71905123657,3.3482538259400005,-0.604387338458,-0.624721476291,-0.47400228991899995,-1.73250705597,1.05584417451
ATL1,-0.606902573374,0.388504449546,0.941248247523,1.6790102578100001,-0.0217370517209,-0.476474446356,1.89678277985,0.9160822617319999,-0.472706925727,-0.941764726834,1.41258701333,-2.57821525621,0.5276516578639999,0.537273070102,-0.0862118274595,-0.39392034330799996,-0.649215069058,-0.347018139454,0.5793492524989999,-0.025738727022199998,-0.604528495116,0.919358981548,0.17797894821899998,-1.38444211744,1.23567084854,0.00737276598308,2.0785279895,-0.39642673843599996,0.6676016239060001,-1.8637920895200002,5.034775509059999,0.5078948594520001,1.7798435769999998,-0.367794343116,0.0852493998391,-0.161232961901,-0.206416708882,-0.981154322736,0.961541665982,0.0826819562032,-0.23939310221700003,-3.3951070079799996,-0.225261032575,0.43687991694399997,-0.15346366571599998,-0.44479461968199996,0.111964217719,1.22497766556,-0.060000959852099994,-0.08247608948889999,-0.642891806736,-0.42003669383299996,0.48590845428400004,-1.06848468315,-0.514607375669,-0.9466802605429999,2.2296626648599998,-0.573051951212,-0.333841203239,4.84263004212,4.3282143285800005,2.74896264356,-2.02442446252,-1.0153239108,2.28964974863,2.48916038622,0.219786505271,0.8120748983689999,-1.26822183365,-0.48404068375,-1.26615672423,0.20206872168099999,-0.5410851495800001,1.4463208322,0.543407556493,1.1808937080500002,1.33939532823,-0.119405793452,-0.0980381637465,1.19983808265,0.31470092215,-0.825201673951,-0.40969758631700004,0.703266447148,0.150611938189,-0.36405844696500006,0.614670642195,2.39536512017,0.657727806327,-0.127298511265,-0.30295190003,-0.612425064044,-1.5025213783899998,-2.9913941140499998,-1.07769193377,0.130435520247,-2.97228515579,0.15058680637900002,6.2231751609599995,-0.237673618347,-0.666511956084,-2.7521982923799997,3.4663329218300003,1.31079652759
BAK1,-1.31251473886,-0.702610255622,2.24127271313,-0.0217370517209,1.1611897633700001,5.70299122954,1.4626350902899998,0.499088872818,-0.8532583654520001,0.369231405838,-0.406729547217,1.9030357556900002,0.588069897966,-0.13474092740399998,0.778675668876,1.78317393403,0.47393066391099997,-1.19317550824,-0.6855020093529999,-0.10244670294199999,3.44460024018,1.3697167478799999,0.38678008803499997,-1.8291628284099999,2.14068986473,-0.06540062143780001,-3.9571022918699996,-1.12203992491,0.397042193293,4.33302731013,3.9028818310300006,-3.56666384396,3.8379087731699997,-0.337088878067,0.556070213642,-0.6165132875429999,0.19444737328699999,-0.314126046919,-1.77770511348,-1.18044974708,-1.9528245094799999,-7.638069230069999,1.84056064552,-1.7276979520700002,0.70851919874,0.00800573414291,-0.045229904807,0.173927322087,-0.17608072683200002,3.0448502739700003,-0.6184054838790001,-1.30011709731,0.20434560320700002,1.7766634486700001,-1.7275859248099998,5.06332401428,3.5007710109099994,-1.6948359148700003,0.06252446810080001,-1.53224970348,-0.40038649968900003,-2.22223998775,-1.631065091,1.34829716005,-3.9860110571800007,-2.1385692334,2.70716267811,-0.7786813680689999,0.158644189041,-1.75952041058,-2.1868829760299997,-1.24124959322,1.4924932149899999,-0.0115017996028,1.1846856350100001,-0.40717684445299995,5.427533943769999,1.3928186736100001,1.31618699123,0.452303170626,-0.6743636705239999,-2.14103743188,1.8470214726099998,0.786865742697,1.1831431826999999,-1.63811334032,-0.36974817897699996,1.5545053959000001,0.0225843722572,1.5305435595200003,-1.03221474565,-1.9389732125499999,-2.06659643966,-0.649535769246,6.301652671009999,1.75919035444,0.645563042112,0.139189023708,-1.15823976079,0.364900215857,-1.00840780073,7.70434889362,-6.3115370428199995,1.06908808979
BCL2L11,-0.321820197337,-0.098253372745,0.320085172366,-0.476474446356,5.70299122954,2.09458677729,0.114006879792,-1.30149056494,-0.0148389856397,-0.7495191974429999,-2.0805868688299998,-1.88593758028,1.8594392086400002,2.0123485691,-0.47982466502,1.13840112516,1.34719019929,-0.819104483957,-0.8833077135230001,-0.711132131118,2.35830300412,0.49306037027099997,-2.68451387759,1.92754161842,3.7885045978300007,-1.24660209992,-2.3539974027,-2.56683294721,0.151243683355,3.0424796291100002,3.33593347862,-3.6707076302099995,1.8726200826700001,-2.69476056004,1.5655179884200001,1.26838517203,0.215042307239,1.7288116546099999,1.8843265518599999,-0.275184411393,-0.014382908032400001,-5.627335425169999,1.4315569673500002,-1.5484740863799997,1.25789578741,-2.6894813197400005,0.324448751816,-0.30494638543,-0.236257538921,-3.6891219158,-0.41301488190499996,-0.11250030980100001,-2.53654367591,-2.2217479629700003,1.15856833692,5.107167242619999,0.252359453532,0.5672783887349999,-0.0486163730319,-0.847180488142,-2.9490055789499996,0.40890160583000007,2.56716900824,-0.00849121306397,0.243321814025,-4.504985184740001,3.2237026717900004,0.704382343518,1.10866574755,-1.1024432034,0.23218276149,-0.8821203911609999,2.87545062634,-0.120961006481,2.0101474439900002,-1.5563988407700002,-1.9724731608400001,0.872732325713,-4.50591295307,-2.10827579234,0.311811924176,-1.4410950220899998,1.84955703038,-0.898546419103,0.5127135502929999,-0.687835333588,-0.613839402782,0.133563421835,-0.316012937494,1.61979081592,0.366363986886,-0.91278179942,-3.34010425435,-8.576959726970001,3.0353342620099997,-0.7206032325599999,0.042329451045500004,-2.01213611777,-5.97369984974,1.73801674471,0.477614248535,-0.7099656262749999,-0.292547312507,4.68342710742
BCORL1,-0.206990448017,1.10089418126,-0.396150088479,1.89678277985,1.4626350902899998,0.114006879792,1.4034625117299997,2.53489669159,0.631005469838,-0.7640740547,-0.872298608762,-1.7719382998599997,1.3920051116499998,1.7890919714400002,0.953021967169,-0.8529568982790001,1.2350777553299999,2.03103573188,1.79792733835,-0.8256876060330001,0.550303284283,0.0742701098099,2.4165668615500002,1.50976856091,-0.573283634581,1.32895066311,0.302508633169,0.799402864279,0.430016160129,-0.35622771542900006,0.0189678379767,-2.65983432803,-3.25904941315,1.589953226,1.3839055332899999,-0.86534734846,-0.22333640496999999,-1.58569805879,-0.645527288295,0.652506346961,-1.3654220113100002,1.61102679674,1.6349172308000002,0.443201291219,-0.668514947622,-1.0628983103899998,1.2540168976600001,-1.4698748854199999,-1.9258144765799998,1.4503112814899999,0.154085816326,0.0777506205631,-0.6332678890460001,0.038789974197,-0.342196655357,0.8055182774609999,-0.328186525994,0.290579649916,1.1612117210700001,0.659995657132,1.6214736729600001,2.20529210905,2.6418889667700003,0.603083479913,-1.85966696251,-2.52943997687,-0.9532855452150001,0.123849549265,-1.2199840935600001,-0.032842175241400005,0.785103211238,0.127412692229,-1.8220243751700003,-1.31546093282,-3.05314159547,-3.31060561991,-0.987822419056,0.307990463659,-1.13724747055,-0.7815077228210001,1.5515048545899999,0.0516276319981,2.8084396855400002,1.69467871926,2.68093759819,1.1394673503,1.2969098455399999,-0.278572260226,-0.579052748742,0.797166411515,-1.60766606944,-0.17686286028700002,1.7602574040299999,-2.62590653211,1.37496007968,-2.23397971871,-0.126512291007,-0.733886461394,-2.6269947177,0.614956726603,1.5533857995299998,2.3464539820500003,2.0699952785900004,-1.5171417725999998
BPGM,1.94721525714,-0.9670096827240001,-2.24770992977,0.9160822617319999,0.499088872818,-1.30149056494,2.53489669159,-0.961803344328,1.3370502609100001,-0.839486082077,-0.806834603548,-2.9596809855799995,2.85334514394,0.112310504404,-1.1983133563700001,-1.84214678815,0.363178484583,2.05882366094,2.1480037897999997,0.570962218264,0.753210135543,-1.4120812645700003,-1.68290896117,2.32443648224,0.401517327629,1.13226044988,0.40958885947400003,1.4770869984200001,-0.426332925463,2.30588515672,-1.3868094591999998,2.0583439173199998,1.17160028015,2.0164631172400003,1.4099823960100002,1.3960304948700002,2.16426965879,0.7498332187800001,1.09806560957,0.9488427489219999,0.139883390767,-3.62250142433,0.749984588778,1.0554268181200002,0.990169164999,-0.143257182822,-0.0258737267805,-0.9997952026160001,-2.10312570991,-0.8337214407160001,-1.32325668286,-1.40669076176,-0.480522742134,1.2978627937799998,0.489558704328,1.0698406272499998,-3.10546134089,-1.47842290524,-0.545009262198,2.49076494719,1.22279993764,2.9611183145999997,0.7229102305410001,0.9410048259129999,1.6818479345299997,0.959633678434,0.49298611517499996,0.0248823497855,1.68239721778,0.330314569359,3.59294614514,1.9942130350799998,1.3173793926700001,-1.16355003861,-2.5079142683,-1.43880173,-4.74773173214,1.59785529704,-0.331754702752,0.112576106847,2.08470302147,0.322041952784,1.69930677949,0.473697591689,-1.90875672962,0.49714734582500003,-0.47388290546499995,0.8332942277399998,0.629024080652,2.17362281789,3.1311497057,0.9973011253290001,-0.13874347742,-4.02096937999,2.42985230623,-2.6189009791099997,-0.054951833532,-3.79413272611,-4.779644640980001,0.7183256217790001,-0.800583217862,-4.55901856254,1.99665436509,0.698432492897
CBARP,0.659082661602,0.560266638799,-1.7501289829,-0.472706925727,-0.8532583654520001,-0.0148389856397,0.631005469838,1.3370502609100001,4.499014530369999,-0.87178426854,0.00577961646053,-1.63526469961,0.194862557656,-0.219209802749,1.43832077518,0.6808147195890001,-1.1091137393700001,0.40328656010799996,2.8515557517900003,0.840006766635,-0.57352547738,-1.14120117424,0.1281234638,-0.260137817626,1.28254002423,-0.7995893826070001,0.563746446568,-2.04550060772,-3.28461459992,0.588137339243,0.20427264349100002,3.3685003675,0.673363006702,1.5528203892899999,-1.83661003242,-1.52909495015,-2.43535186182,-0.892020876965,0.8700607506839999,0.924246533418,0.113361128671,-1.17033063246,0.29781291975499996,0.936049245322,-0.39470748274800005,-1.21024555535,0.663618529305,-2.193751783,-0.8699302964210001,1.69554489742,-1.5898701703100002,-1.86532669913,-1.5623931645700002,0.9081833397619999,0.8624591257969999,-5.88935017714,-1.85237782408,1.1332819250900001,-0.172806527139,0.9313871322920001,0.448395200378,0.568400208462,-2.16807945921,-1.22226000903,1.30767036778,5.28743274894,-2.31063134917,0.285345475312,-0.0815146812877,0.36637619796,0.6895751618100001,1.42433068289,-4.37712404898,-2.1414777983099995,-3.57703111955,-0.322085544878,-0.39920095491400004,-0.545596323976,1.60669180527,-1.70861441435,0.167009555084,0.790067983617,-2.1743209957099996,0.553521389856,1.7581886295400002,-4.0469714691,-2.78175892587,3.7401566184300004,-3.9761917556300004,0.7498910234080001,1.48230622199,-2.7251103782999997,-3.57078456667,-6.594489902309999,0.635646658873,-0.461658202076,-0.502618282034,-0.689414773787,0.543967623626,0.969949201632,-2.03566386487,-3.9957251991100002,2.24445403541,-2.1851837948700004
FOXL2NB,-0.33940127557599997,-0.228081440216,-1.14208278295,-0.941764726834,0.369231405838,-0.7495191974429999,-0.7640740547,-0.839486082077,-0.87178426854,1.3685496202899998,-1.2378462742899998,-0.088934349594,-0.178073129749,0.40306721725199995,0.233614871249,-1.0671215241399998,-0.368274281443,-0.800649105433,-0.952003246908,-0.7410035198520001,-2.34671584533,-1.30864414691,1.3050171937100001,-3.83174141453,0.48516229995,0.153110207998,0.43060313991800003,-1.4812645757299998,0.510759447982,-2.19137928455,-1.34748181853,-3.5405127644,3.26650847011,0.688913875348,-0.34629766184,-0.725173994498,0.0328837751713,2.23573469485,-1.01337330485,-1.64402080541,0.439640478024,2.66399218309,-0.568862014085,0.786264924453,-1.2635055336399998,0.323564455253,-0.0112793649955,0.358343573914,-0.612441577079,1.9148548806499999,-2.07162888779,0.511514955769,-0.276160341961,-1.4127891619100001,-0.7469932752959999,-4.319421941590001,-1.38149375486,0.20505318902300002,-0.787707655187,-1.31543812679,0.292500711815,-1.0868242795999998,-5.14281658321,-1.79237481195,-0.057175313935,-0.695246503838,-0.0566031172445,-1.07970263095,-2.30230066145,-0.47336962078199996,-0.92960880921,-0.853689303269,0.393258576554,-0.494183910862,0.5126397382460001,1.90045664973,1.5652990122400001,-1.6942511416100001,-1.5437953382299998,0.770142518494,-1.11519058912,-3.0971224635500003,-0.737964817789,-0.18850139519900003,2.6444183748,-1.01365457719,-0.77206623685,-0.36189240735600003,-1.03795099578,-0.450082820383,-1.0398709052700001,-1.25736077231,-1.2782802252,2.07267950949,-1.90090221271,-0.48949240156999996,-0.883174182663,-1.4412323823,-1.1825484369900001,-0.357308180859,-0.016380013627899998,-1.7642169029499999,-2.81672880556,-1.5450959920200003
CBFA2T3,-0.711257441573,-1.4591627869200001,-1.27282014869,1.41258701333,-0.406729547217,-2.0805868688299998,-0.872298608762,-0.806834603548,0.00577961646053,-1.2378462742899998,2.0019392216,0.284967567216,-0.524300721021,0.573115279733,1.50560899193,-2.2951542427500002,-1.7601530545099997,0.742302053982,-2.08872907807,-1.4179078818000002,0.110252066613,-0.413736343575,-0.174856192302,-0.968612000896,1.4983155883700001,0.567282643673,-1.24197260315,-1.7482285252599998,1.67448822871,1.19876338895,0.678180626002,-1.79164190573,1.32846532529,-1.42683888123,-1.47575978127,-2.09325669355,-2.1546840488299996,-0.982125093777,-0.8741518185349999,-0.712758645045,0.404468616583,1.12507673521,-0.0961700519448,-0.248056741437,-3.11165453542,-0.0667134440927,1.88231155594,-1.7353352632299999,-0.206042728875,0.17105469829599998,-3.2657575066500004,-1.18941057406,-0.297540895885,0.718178777661,-1.58739287678,3.90146483305,-3.60616262931,-2.56497666934,-2.98854048668,2.32172342462,1.12138546564,1.1952822992,-1.43721494759,-0.649742767421,-0.081226104526,-3.30868115629,-4.8223629571,-0.30555599862300004,4.4666571380699995,-0.662485203978,-1.8538149882799997,0.47013540789499997,-1.1169286936299998,-0.88946514312,-1.0653231844600002,-1.23050522829,0.302398060677,-0.8767258935369999,-1.2367620817899998,1.1010756373000001,-2.1540594004900004,-1.43626862653,-1.9851647945,0.09482206451099999,0.569815619317,-0.06350612478590001,-0.116938231957,-0.0576925737027,-2.67005941843,1.11963260608,0.8739667031630001,-2.4077514128599997,-0.733524406527,2.5992249992299996,0.0310001899881,1.65758980692,0.534623301601,0.758614807225,1.27643355284,0.32877274090999997,-1.17513834764,0.052382664628300005,-0.621034864671,0.5837993338899999
CBL,-3.0701563961400002,0.394913067389,0.338072982382,-2.57821525621,1.9030357556900002,-1.88593758028,-1.7719382998599997,-2.9596809855799995,-1.63526469961,-0.088934349594,0.284967567216,1.92461525155,0.448408790523,2.14321429303,0.16141781209,-1.85452961787,1.3337807314899999,1.00940869013,0.391215495224,0.7109517918330001,-3.16329424663,-1.52143363193,-7.57770867261,-1.0670722792899998,0.16937813902100002,1.6765845606,-0.6789035875920001,0.625829957045,-4.94541466008,-0.15648877934900002,0.525276296834,3.37219798321,1.04916202815,2.4487052261,0.05154930974719999,-0.244279257693,1.53421101086,-1.1195030804100001,-0.801081055194,-2.10151181329,-0.831421278728,-0.521761273595,-2.0560919280200003,-0.349666447407,1.3573638164700002,-0.301225030543,0.387440126202,0.132780003097,-1.6808822322499999,-1.2216635126200002,1.44462576166,-2.01180418499,-0.566039861096,2.58713940518,3.4220046654500003,-0.734204466152,-0.650514924644,1.07387809738,-3.49742053356,-0.608748011543,2.24144402898,3.4526559441400004,0.459653471264,1.0813081011,0.0270688738932,1.03325998095,-1.33365175763,-0.00527754506801,-1.1014739038899999,0.811481753602,4.89787448824,0.663307265652,-2.9993364149199997,0.00798340719988,-1.60442906444,-2.29622907304,-5.909667475319999,0.090944102959,-4.02325900756,-0.0603932431563,0.6840128838070001,0.670888241115,0.19020473557,-0.148629192788,-1.8176975923400003,-4.04381115446,-0.9948204434469999,-1.27764611794,3.1360083381200003,2.31005694152,0.16028621913,-0.9006197907950001,0.7189678399510001,-6.12596935955,2.32141400395,0.0944636782274,-0.0728552450098,-9.905748562100001,-10.8017020214,-0.15591771763499998,-0.674925671833,-3.95124308313,1.9671186694299998,-2.53650387488
CDKN1A,-0.42050583762599997,0.8924265210200001,-1.8482937391099998,0.5276516578639999,0.588069897966,1.8594392086400002,1.3920051116499998,2.85334514394,0.194862557656,-0.178073129749,-0.524300721021,0.448408790523,2.9867147766900004,2.21269215113,-0.24850649422499999,-1.3804702391299999,1.2256026950299999,0.140188681677,0.290596747463,0.6363041900540001,0.9582359931990001,1.67491558917,1.05504930043,3.1823169689200004,0.9763697742949999,0.333924681261,1.52093876762,0.118670562731,0.0653879725634,-2.46191237556,2.00197198738,2.4787946573900004,1.6185215655,-0.24179070574900002,0.36514801078000003,0.155886202467,0.18911351696400003,0.0662304983936,1.5015198264200003,-0.637136280352,1.03066333021,1.7533163405,1.2160722452600001,-0.902991999973,0.8483800203820001,1.22796365343,0.0146844006083,0.344702559578,-0.3120512291,-0.47357839016900005,1.2123478959799998,-0.05088245015290001,-1.4837204957199999,1.2332672758,-0.21314159008900002,-1.6365272959200001,0.854837257047,-0.473506952716,-1.1346024424799999,1.65610841662,-1.7610070502400001,1.0312610883700002,2.2148762348099997,-0.24494775648000003,1.7550141948,2.65710796567,0.007614575728020001,1.14139677832,-0.450613734096,1.5654418792700002,0.06275347339,1.79880078176,-0.39706415327100003,1.0155944425,-1.95844481155,-0.313581145394,0.285874548619,0.143053138262,2.7004721973900003,0.8588548937739999,-0.38021957889200003,0.441161058243,2.4902596844200002,-0.6815908345630001,-0.48554787704499996,0.48967595362099997,1.9785218306599999,-2.32157595847,1.8247569161400001,0.269179629563,2.20869834375,0.571524629078,1.4729215176100001,-2.63267494201,-1.34882604181,1.36317738932,-0.0218993170035,-1.08250912423,-0.535400251901,0.954542294738,0.431091247919,1.5342631369100002,1.8041118286900002,2.01232555687
CDKN1B,1.51539509875,0.256801766679,1.5538933645100002,0.537273070102,-0.13474092740399998,2.0123485691,1.7890919714400002,0.112310504404,-0.219209802749,0.40306721725199995,0.573115279733,2.14321429303,2.21269215113,-2.43770313285,-0.738297421016,-1.4585200813799999,1.8308213531400002,1.01352197009,1.34563839956,2.07349143903,1.21754163716,0.547578209783,-1.5877211930700001,3.3586735976999997,1.08037439219,1.14246395588,1.4203991086399999,0.23497304913000003,-0.9665728472640001,-0.486371290288,2.11760275072,2.30762206365,1.14582397054,0.964702700989,1.65117667706,0.8533330758769999,1.16701730877,1.3067452325,0.142295525139,-0.616772727587,1.8304167288,1.08693184099,1.42924605123,0.322415000075,1.72971694313,1.6948162746899997,2.6475987094,0.654144193072,-0.713144991259,-0.493788459985,3.3261363031,0.473175585045,-0.695473120235,2.39455607853,0.680675943222,0.33130792975699996,1.2952225306799998,-0.204603651229,0.382063287604,1.5821257497,-0.373582833354,1.1899525627299998,3.5122756777699995,0.9226681852399999,1.18100235026,2.39092840304,-0.117014684556,0.8277061647249999,1.30860529675,2.57986495093,1.04371314215,0.557679606263,-0.934888360192,0.62485666154,0.34847096277500006,0.9621511839650001,2.38875226507,1.23756572935,2.2128615545500003,1.19396684094,0.7884506322470001,-1.92457826718,1.56783194294,-0.219323171945,-1.1082260855600001,1.8056814739900002,0.0169780598819,1.98159124337,2.71606543119,-0.410174590251,2.9580402166799997,1.99486455003,1.76955255199,-3.27758883978,0.35108946474299996,2.68040150695,1.18101139892,0.025541592683399998,1.9465546789,2.3091899482900002,1.4300471802799999,0.369596084515,2.3430979538799996,2.5160172282700004
CDKN1C,-0.897161146287,0.5592957997510001,0.485390028564,-0.0862118274595,0.778675668876,-0.47982466502,0.953021967169,-1.1983133563700001,1.43832077518,0.233614871249,1.50560899193,0.16141781209,-0.24850649422499999,-0.738297421016,0.345731229236,0.411068365129,1.80455035781,-0.451026472265,0.243399683851,-1.17130852248,2.1167942575599996,1.28198635854,-0.9390153432449999,1.84116022682,-0.09776545366480001,-0.374101245054,0.527435002424,1.04311917059,0.193652751127,-1.18409662575,-1.7836947109799999,3.5474307903900004,2.2820624134400003,-0.242689056411,0.00391883649032,-0.167118261463,0.192832761407,0.715170718854,0.401576992066,0.202327645334,1.78198693632,2.11507892231,2.14634998051,0.939305781987,0.666379098856,0.151261658305,1.12322462809,1.3994994887,0.192793382819,-1.06128709001,1.061023188,1.6061446289899999,0.35723979608499995,-0.100745039617,-0.24289030735599998,-1.8528971656200002,0.469335348512,1.23712109472,0.484440895959,-2.92082281407,-2.31682809824,0.069335520929,0.276227830896,0.0767115538337,1.02415876446,2.53073892333,-0.075320735037,-0.467585262527,1.3374982819,1.34603232898,1.11492943237,1.2080866961,2.01625668265,-0.155954881307,1.2507296301200002,0.942088675466,-0.511221349793,2.32226566962,0.44724320141400004,0.602586949138,0.442542052756,2.1303488714200003,0.486675023455,0.795101616258,-1.5452351774000002,0.885629326401,1.08049844123,-0.546572868835,0.260796293377,0.0665566381626,0.828645491661,0.976861025724,-0.748553148369,-0.0250914719023,-1.97810658939,0.238129738312,0.206074298106,0.8042920839830001,0.821879232361,0.0200908967419,-0.523331875026,0.0388739048162,1.0619102756,-0.414701700489
CEBPA,-1.28646625301,-0.47951848295599997,-1.5466957016499998,-0.39392034330799996,1.78317393403,1.13840112516,-0.8529568982790001,-1.84214678815,0.6808147195890001,-1.0671215241399998,-2.2951542427500002,-1.85452961787,-1.3804702391299999,-1.4585200813799999,0.411068365129,-0.5623505176100001,-0.391156655857,0.636832309178,0.508169396048,-0.798580697931,-1.66634281435,-0.26638994479899997,-0.724289498862,-1.44614562294,-0.9830449501719999,-1.51978088708,-2.0164450558500002,-0.39161802939,0.35954431244499996,0.0225924157625,4.39460732605,0.175611963924,1.25237097405,0.414074501766,-0.146491359751,-1.5896653401899998,-1.8120163949599999,-1.41858111778,-0.650150788249,-1.5691374534399998,-0.273900827879,-1.4053332403999999,-0.718747094436,-0.012294283004399999,-1.1415485675,-0.497787889318,-2.26270759736,-1.26030190056,-1.4823793103100003,-0.0658823394569,-0.131944717975,-1.9781739927700002,0.43426664327,1.747533964,0.9501502697959999,1.13446704516,-2.5448332412599997,-0.9255066432539999,-2.2030223333000003,0.5891804638620001,1.34185678859,-0.00160407948962,1.38624017588,-0.5905821116650001,-0.0418820028601,-2.5287322106,-2.34418700431,-1.41476677796,0.3321264483,-0.79715044624,-0.42345215601999997,-0.751296664428,-0.649694462051,-0.239424837065,-1.0765497740899999,-1.65019589634,-3.7553568047000003,-0.0450162784529,-1.36528156015,-0.5191173086990001,-0.300763627787,-3.49999244493,-0.138992944526,-0.323651298215,-0.968869851152,-0.6826774866259999,-0.9861895365090001,0.30822468639600004,0.23100965157499997,-1.17934237942,-0.46733120160700004,-1.8626349563999998,-1.8940213591900004,-2.6973617820999998,1.29321937454,-0.06981032756439999,-0.08889391733589999,-3.50691026246,-2.44306088498,-0.812129896125,-0.5965574001730001,2.8423748917400005,-3.2730291800300004,0.761592381198
CEBPB,0.34175323611599995,0.759322256918,-0.8633800669220001,-0.649215069058,0.47393066391099997,1.34719019929,1.2350777553299999,0.363178484583,-1.1091137393700001,-0.368274281443,-1.7601530545099997,1.3337807314899999,1.2256026950299999,1.8308213531400002,1.80455035781,-0.391156655857,0.876803225408,-1.1474367215999999,-0.259839923362,-0.22799449227899998,1.63290270917,0.308632776896,-1.00103219423,1.2797230634999999,1.17907494959,-0.678683860847,1.57342108776,-0.42884831286799996,-1.53606155129,2.84698871305,-3.0560872144599998,2.21942804361,1.09550911889,-0.696913839102,0.34774702821000003,-0.583938456079,-1.13170485765,-0.283257604705,0.16635052229900002,-0.49330362111299997,-0.690991304636,3.10094190519,0.66821098028,-0.342477031382,-0.0446101111315,-1.6687342575400002,0.253011377095,-2.03912092731,2.1316031786200003,-0.6696061269529999,-1.4993284801,-0.595451068621,-0.987849889642,-1.89279503552,-0.708766497914,1.8203619769200001,2.5501277282499997,0.780337048581,3.3519924201599998,-0.436690470765,-0.9314872152089999,-0.237366918455,1.25098802161,-0.0189577717015,-4.17543720541,1.6273244627399999,-2.0385074729299997,0.264914139863,0.47158673566200005,-0.921699009617,-0.9265523039899999,-0.13194690584000002,-0.9893614789409999,-0.733321585856,0.137477441876,0.306613688566,6.52817390018,-0.189527488034,4.55241870683,-0.175716493712,0.291755257122,0.49370580702600003,0.7841910310250001,2.03968152673,-1.1228577420899999,0.8844405221770001,-0.618624702036,1.8089512825299998,-2.5106253607099998,1.31393211568,0.00433286952482,2.5419185732900003,0.075311398635,2.3416002478299998,1.37900829148,2.36407743194,-0.516490972808,0.07808785693010001,2.41709865872,0.234364920188,0.473836791389,-0.718604010753,3.13398986589,-0.676450482598
CEBPE,-0.82393531667,1.87180799868,1.00212920995,-0.347018139454,-1.19317550824,-0.819104483957,2.03103573188,2.05882366094,0.40328656010799996,-0.800649105433,0.742302053982,1.00940869013,0.140188681677,1.01352197009,-0.451026472265,0.636832309178,-1.1474367215999999,-1.0737114937,-0.306345483731,-0.0514963525914,2.23226955146,-0.148292077621,0.640737428392,2.60394013595,0.45461003235799996,2.6937944243,2.25064904775,-0.27059556398,-0.957316354349,0.431373335484,0.961951790574,1.75299546195,1.3888759509399997,-0.639741076452,-0.15319141304,-0.682368265925,0.660702693725,-1.7647401445,0.0632970171488,-0.09043426913119999,-1.0656096747200001,-0.23275273128,-0.189833505435,-1.38790371723,-1.0793416935100002,-0.655542799439,0.171575340843,0.925138385134,0.12783622394000002,-2.34037451313,1.9294733086000002,-0.393962839287,-0.672938000136,0.47437253194799994,-2.3328261801,5.67454956722,1.4366642982700002,1.12243479279,1.87476132783,-1.44542900551,-0.151939731149,0.961511597856,0.766982571532,-0.36403318108099997,-0.44641506875,3.8205423746300005,0.518696562701,-0.575291384697,3.1452273731299996,-1.2727610339,-0.586121608519,1.82286374762,-1.54351092424,-2.0551251031,-0.771423831477,-0.9925059947329999,2.5935353298900004,-0.221319216707,1.66620306648,0.0430517847759,0.0231865672863,4.13910147078,0.133905275189,-0.13751462447899998,3.98207779585,-1.28618710721,1.13690252237,0.7361367100730001,-0.730275847048,-0.106750468449,-0.364505799709,3.6362712687400003,1.6250411604600001,2.04907090303,1.32463538448,0.00722037147538,0.6588003726,0.877732925607,-0.65869344526,1.7419102023800002,-0.00878335393747,-2.08794489192,4.8380280435300005,0.43859738088100003
CELF2,-1.1944445146,0.729749521109,-1.04323756298,0.5793492524989999,-0.6855020093529999,-0.8833077135230001,1.79792733835,2.1480037897999997,2.8515557517900003,-0.952003246908,-2.08872907807,0.391215495224,0.290596747463,1.34563839956,0.243399683851,0.508169396048,-0.259839923362,-0.306345483731,-1.51406270769,0.29161587998599997,1.39870013104,0.253954918076,2.38870422909,0.650773201441,0.8837237945749999,0.23167810071999997,0.25354617147799996,0.8991682562569999,0.1562272459,1.66885433121,0.8681984288160001,-3.65241801987,-0.4627932825600001,-3.2346857038300003,0.5450433405590001,-0.18286661238899998,0.3561162008,-0.7950265932359999,-0.34554309102499997,0.334557067538,0.7518222431029999,3.9763061122,-0.73872211353,0.129461951377,0.769470181126,0.817199132641,-1.0781483106799998,0.356931795916,0.621228598245,0.501935586233,1.12533301424,0.271464394305,0.529120156894,-0.875794985456,-0.876109726142,4.15684374047,0.139743222952,-0.519360148514,2.1191703355900002,-0.635583772719,-0.629607583676,1.12117219459,3.6878081166600003,1.98824014077,-1.02410331732,-1.16063810713,2.40915864181,1.15955964776,1.42921430838,-0.396516340104,-0.971998165406,-0.588935378647,0.786098530076,0.902846856309,0.763093788603,-0.258465238133,3.9766322883300003,-0.33438424456300003,2.50270756178,-0.518010503173,1.53488433643,1.15313018563,1.05583210457,1.03249951281,0.22258852311000002,0.11375256571499999,0.878768314703,2.2684339431200002,0.943827224145,-1.43132565496,-1.05164306082,1.26108690494,1.17292596744,3.7205940105199997,1.27864361662,0.310693017308,0.305294085144,0.500038673455,1.1707170201000001,0.6769159234119999,-0.059372702427400004,1.5816886126899998,2.33425585572,2.89678775381
CITED1,0.8407918227529999,0.531143363922,-2.7580734416299997,-0.025738727022199998,-0.10244670294199999,-0.711132131118,-0.8256876060330001,0.570962218264,0.840006766635,-0.7410035198520001,-1.4179078818000002,0.7109517918330001,0.6363041900540001,2.07349143903,-1.17130852248,-0.798580697931,-0.22799449227899998,-0.0514963525914,0.29161587998599997,0.633456393021,1.04306245699,1.11269403719,-0.15193911447300001,1.63452772151,0.569865636238,-0.251870074985,0.647037029109,-0.452501898185,-0.36703420577,-2.627220475,-1.38502268294,-0.642883416018,-1.29349546278,0.426434396132,-0.186929184216,-0.316646245831,0.9883323919339999,-0.0451312283208,1.6757483172499998,0.22145997173300003,0.36670341235799997,1.86417516693,0.890746638567,-0.491972393363,0.40058808101,-0.0062143866010400005,0.8676172025200001,-0.14112815003100002,-0.7187613558660001,-1.39361083268,-1.7064757193900002,0.47707980328,-0.09487767948100001,-2.3368283732,-1.18475613904,1.62442937109,-3.24312968275,-0.315285017937,1.5239342679299999,1.2024532269,-2.5147057770099996,-0.331063206288,1.68779857966,-0.00278251194473,1.5010546532299998,-0.713323514169,2.7935188849,0.146552590273,0.127665644749,0.483993817112,-0.204133758439,0.06139482881990001,0.435558030577,0.9614640517730001,-0.031198756261299997,1.6408911340799999,2.7438672788300003,0.065227676158,1.92404474787,0.611099563847,0.853303477765,0.487467472707,1.64648350597,0.88542072669,-2.21576988753,0.717397157485,-0.000308513782949,-0.320694261886,-0.637115575284,0.368426698287,-0.08484843935839999,-1.7284149248900003,-0.0801749766714,1.82364865273,2.25340757898,0.09013802621760002,-1.52188760848,2.45564291345,-0.19500783500100002,0.49295123844300004,-0.611231584137,0.950592584909,4.63948172511,-0.531439607771
CKS1B,-0.19145223678,0.023010776426,-0.839785286733,-0.604528495116,3.44460024018,2.35830300412,0.550303284283,0.753210135543,-0.57352547738,-2.34671584533,0.110252066613,-3.16329424663,0.9582359931990001,1.21754163716,2.1167942575599996,-1.66634281435,1.63290270917,2.23226955146,1.39870013104,1.04306245699,-0.42388657098800003,-1.6443812049899997,-1.8459080028900001,4.539824487250001,-0.26001757956300003,-1.7590073439900002,4.20217309005,4.30606787795,-0.875539761093,1.70841022743,2.1473937511,2.0810249893,2.67074286592,3.50246547186,2.44299564195,0.20537402312199998,2.55705164157,-1.8587280477,-0.637229413691,0.563511111215,2.57612034,-1.38782746305,0.35429205982600004,0.10107612866,1.88417277137,0.445519126127,-0.209953741675,-1.31083149721,-3.2099916536,-0.961119817474,1.07635239776,-1.15035049244,3.12990120171,-0.589613289511,-0.5700860597290001,1.58901228965,-1.97653823502,-1.2693354939000001,0.24803506898299998,3.06023546973,2.87019240106,3.6047927648300004,1.90530479835,1.29506098606,0.7161596070880001,2.70858891662,0.638415907434,1.5556026137099999,-1.05829762099,-0.11727572664899999,3.2889126218199998,0.519355692297,0.879300249071,-0.416059124686,-0.3481784665,-1.6049081007600001,-4.629466583309999,1.9328605959099998,-0.8226162652969999,0.010503104887600001,1.22379788125,1.66329636997,1.8486624145700001,-0.408667393741,-3.7940529366900004,-0.830667497158,1.60346519083,-0.8934405397730001,3.8420163301,1.7948404545599996,0.851005149392,1.94833963983,2.7523135393400002,-1.7232840879799998,1.28798011966,0.194297808841,-1.4675382046399998,-6.2423977627900005,-1.9718693249,-0.31528095067899997,0.716901018824,-1.91188100113,3.10711211008,-2.2783973662
CLDN6,1.02254561237,-0.231893013418,-1.7836800113,0.919358981548,1.3697167478799999,0.49306037027099997,0.0742701098099,-1.4120812645700003,-1.14120117424,-1.30864414691,-0.413736343575,-1.52143363193,1.67491558917,0.547578209783,1.28198635854,-0.26638994479899997,0.308632776896,-0.148292077621,0.253954918076,1.11269403719,-1.6443812049899997,0.217185282892,-1.59023919014,3.3136752846599995,0.147124867338,-0.572869916362,1.41174987464,-0.682870638046,-2.1543227873700004,2.00372623354,-0.5064549984269999,4.99912583456,0.338894732421,1.90994036534,0.418400814713,-0.778609157964,-0.594186762516,-0.7546651223199999,-0.127970213092,-0.105347273062,0.8298989335629999,-0.7866269979870001,1.3211055422,-0.718038276299,-0.595858844472,0.269827857113,0.0437782735059,-0.869567739073,-1.30462199341,-1.0272095900799998,-1.22932979362,-0.216089908591,-0.7405968665289999,-1.19553570297,-0.608317342421,-8.330776534189999,-0.197639081532,1.09993384785,0.277330002956,2.54325835767,0.9894709324490001,4.1860733851,0.032628698037099994,-0.29611756210900003,1.60702024616,4.73000412878,-1.9498884087400001,-0.6796511456990001,0.852144547932,0.9457682482790001,-0.5079444970229999,0.0713429408811,-0.6740178126899999,-1.60034245,-1.00917669262,-1.26031396011,-3.5307404287599997,-1.25395526481,0.600081003361,0.525700058,-0.509866499042,2.70796479713,1.56129892255,-0.60866521569,-2.6777154314400002,-0.926484187971,-0.156513031724,0.334203728372,-1.71777617272,-1.5800055362399998,0.469442760197,1.72828980615,-0.9535999719920001,-5.87480744603,3.27118896338,0.794617813928,-0.901692888149,-2.8383376504,-3.46347468857,1.12244161277,-1.39320472192,-6.0515371805,4.90812539375,-0.24083012057199998
