,AHR,ARID1A,ARRDC3,ATL1,BAK1,BCL2L11,BCORL1,BPGM,CBARP,FOXL2NB,CBFA2T3,CBL,CDKN1A,CDKN1B,CDKN1C,CEBPA,CEBPB,CEBPE,CELF2,CITED1,CKS1B,CLDN6,CNN1,CNNM4,COL1A1,COL2A1,CSRNP1,DLX2,DUSP9,EGR1,ELMSAN1,ETS2,FEV,FOSB,FOXA1,FOXA3,FOXF1,FOXL2,FOXO4,GLB1L2,HES7,HK2,HNF4A,HOXA13,HOXB9,HOXC13,IER5L,IGDCC3,IKZF3,IRF1,ISL2,JUN,RP5-862P8.2,KIF18B,KIF2C,KLF1,KMT2A,LHX1,LYL1,MAML2,MAP2K3,MAP2K6,MAP4K3,MAP4K5,MAP7D1,MAPK1,MEIS1,MIDN,NCL,NIT1,OSR2,PLK4,POU3F2,PRDM1,PRTG,PTPN1,PTPN12,PTPN13,PTPN9,RHOXF2B,RREB1,RUNX1T1,S1PR2,SAMD1,SET,SGK1,SLC4A1,SLC6A9,SNAI1,SPI1,STIL,TBX2,TBX3,TGFBR2,TMSB4X,TP73,TSC22D1,UBASH3A,UBASH3B,ZBTB1,ZBTB10,ZBTB25,ZC3HAV1,ZNF318
AHR,-0.499276725076,-0.468233410676,-0.37918675276,-0.589119285797,-0.621657578235,-0.428988171034,-0.399750164639,-0.332309307139,-0.43041206944300003,-0.623957664598,-0.5079570638750001,-0.5317202805,-0.48621710318000005,-0.364905880668,-0.569256886915,-0.74482095639,-0.539580780565,-0.629472609754,-0.469477301874,-0.462489649604,-0.414215480223,-0.457194878676,-0.394787482611,-0.389179095776,-0.575420207901,-0.556339462932,-0.107663271979,-0.539084335732,-0.604430720021,-0.355010610822,-0.30695770008,-0.495552290114,-0.35198831880000003,-0.527042674182,-0.490937106938,-0.528215171619,-0.586904101801,-0.538733527426,-0.46809254443400006,-0.40468737183200004,-0.522397218821,-0.33699984070699995,-0.546359084127,-0.682398757089,-0.497798790636,-0.585811665794,-0.550339794084,-0.634785002479,-0.585091823986,-0.46241759980400005,-0.464252629862,-0.526644673444,-0.648556812036,-0.480377378899,-0.467770741535,0.0135863109761,-0.45389746330700004,-0.588635289581,-0.47553313528499996,-0.221038811667,-0.194919726748,-0.21093953374299998,-0.34531001907,-0.369105785173,-0.411958491476,-0.6377234624279999,-0.512833617134,-0.465389577822,-0.490587593464,-0.611932239961,-0.49672296694300005,-0.41739767181599996,-0.581326805185,-0.5206010754479999,-0.547426906368,-0.501738968593,-0.309356482338,-0.496542782802,-0.395437167433,-0.7308110506829999,-0.44715219208499996,-0.45296423635,-0.41676381587,-0.485794230454,-0.456343191493,-0.46136078711,-0.5951283464370001,-0.34603985161399997,-0.5377999139140001,-0.447449054542,-0.513961732037,-0.304489642139,-0.377517813847,-0.43209796113300003,-0.315251021505,-0.500622537211,-0.45246921721699995,-0.44675012168899997,-0.470082444403,-0.465860237677,-0.523549772654,-0.331067498073,-0.0333012451021,-0.44667649376699997
ARID1A,-0.468233410676,-0.444577854397,-0.475477782166,-0.512787302814,-0.570513368445,-0.45903963281099996,-0.418626347998,-0.477573191046,-0.481988665054,-0.583524660971,-0.574725642722,-0.4579969408,-0.44751522887100004,-0.437350373676,-0.46916782522399997,-0.635602727314,-0.502778533226,-0.43963381483099995,-0.41814168931199996,-0.48440251240099996,-0.444536885815,-0.5331266055730001,-0.480414010098,-0.411720637123,-0.486181858661,-0.541144550563,-0.277717584296,-0.473061688815,-0.452029062937,-0.38688795963399997,-0.36058091275,-0.5110403237650001,-0.23042185680100002,-0.458200784781,-0.48521738409500004,-0.453594544892,-0.51232487706,-0.543642289006,-0.493576651988,-0.45068455445100003,-0.530710703024,-0.459304847526,-0.495091001263,-0.596229589581,-0.546762483341,-0.498524292729,-0.466599212219,-0.509717918502,-0.565902073114,-0.520196403038,-0.542263365597,-0.602659646479,-0.6079027584910001,-0.472666341715,-0.45620544666699997,-0.149606829935,-0.516753616299,-0.447940172911,-0.463811543188,-0.319827050041,-0.253227388431,-0.177354357137,-0.43950402174099995,-0.455955838127,-0.478195677303,-0.525731262514,-0.524371201066,-0.481094013694,-0.458484515495,-0.5670776797770001,-0.39702360369,-0.411951263479,-0.526105751848,-0.557246052252,-0.684635342553,-0.5273379650810001,-0.434673925863,-0.435449470097,-0.434240569477,-0.47180698178999997,-0.447242158671,-0.43117022778,-0.469582692235,-0.48309001640199994,-0.49393414647,-0.45576919096999996,-0.48353986019100004,-0.447647940279,-0.575016340813,-0.527188704616,-0.494271537184,-0.427366579105,-0.426942199728,-0.450049699775,-0.38253633177,-0.454799726867,-0.48955607845399995,-0.450895940868,-0.46343645916500004,-0.46524824956,-0.586906383624,-0.422458303443,-0.133275922667,-0.484992227011
ARRDC3,-0.37918675276,-0.475477782166,-0.188839191442,-0.470178604736,-0.385466413624,-0.272838979276,-0.245965012121,-0.325240303541,-0.362616177387,-0.618214948124,-0.380461580803,-0.26248445585499997,-0.44737558851000003,-0.30769222056699996,-0.444464937075,-0.725846090395,-0.547900769137,-0.487271550472,-0.312768489501,-0.550499829311,-0.313853899272,-0.46768604676799996,-0.208728153286,-0.349415754175,-0.481783767515,-0.422569062791,-0.023103695279599996,-0.35469161319799997,-0.47002883921300004,-0.37459990834600004,-0.101898718993,-0.350502512968,-0.125530121271,-0.267137780209,-0.446984255695,-0.473349740418,-0.5483988606669999,-0.5329703568949999,-0.517157412444,-0.343752500049,-0.542697255507,-0.236725355623,-0.542418601971,-0.609419704695,-0.41161258450099997,-0.49875715129500003,-0.441729912711,-0.462897511769,-0.544354027539,-0.36200520566699995,-0.322861478026,-0.406543734723,-0.37872209414700003,-0.335313633098,-0.291068240303,-0.0026346391826199997,-0.260875040037,-0.425353012034,-0.253224909679,-0.029657781983699998,-0.0176606078802,-0.039338773265900004,-0.250663265904,-0.259779450762,-0.236662295665,-0.396967358205,-0.298628318593,-0.396557095354,-0.23279643052700003,-0.610845361994,-0.330414872418,-0.282071467833,-0.329912970911,-0.524141588725,-0.624353067262,-0.413515952089,-0.199240393427,-0.522346635906,-0.240696853101,-0.497880153486,-0.4525888337100001,-0.236199312315,-0.364880106416,-0.44216252085100005,-0.39528130117,-0.328866321928,-0.591647183309,-0.15639524505000002,-0.5053249766,-0.44684947092200006,-0.445851972064,-0.377902246844,-0.394926614172,-0.233990618555,-0.176708910868,-0.487551227905,-0.24221836298500002,-0.23721068820799998,-0.194720367872,-0.35102907556699997,-0.567092133948,-0.254936237868,-0.034172674827900006,-0.209453024648
ATL1,-0.589119285797,-0.512787302814,-0.470178604736,-0.459651392506,-0.556379683821,-0.507320373389,-0.43321782691699995,-0.453043050072,-0.5605210792409999,-0.658587296295,-0.470201167222,-0.597250305397,-0.491038771581,-0.446905889964,-0.531062109675,-0.666096234963,-0.608520706822,-0.609310282725,-0.464380347109,-0.545532713444,-0.499300952938,-0.513850798029,-0.486945505395,-0.5453687805449999,-0.471479337354,-0.544107574974,-0.290210071517,-0.5751104548120001,-0.530882627896,-0.5526133551269999,-0.321906285724,-0.49463820228699995,-0.295279441232,-0.519437269643,-0.546367126755,-0.573246653337,-0.590588143275,-0.62614568868,-0.494281716654,-0.502398726276,-0.578175745942,-0.556504641827,-0.571611175533,-0.580854142981,-0.565079712256,-0.610464045393,-0.528693524482,-0.475139498971,-0.589756904824,-0.5263370193779999,-0.562840467133,-0.591644681115,-0.555551318296,-0.571036083433,-0.548600092963,-0.371845344717,-0.472784972483,-0.573406389337,-0.514395699658,-0.285020643855,-0.24937698844300002,-0.279895073475,-0.532141395692,-0.54193667526,-0.46317325078500005,-0.400682670375,-0.534796166763,-0.5023403835970001,-0.5514865569749999,-0.643618420809,-0.606663454536,-0.501147821021,-0.572665464948,-0.486222423839,-0.541510438051,-0.48928032422300005,-0.438039671648,-0.573794647918,-0.481731358319,-0.49678446323700004,-0.51443368845,-0.510852189737,-0.524747672486,-0.496539081183,-0.506046515301,-0.561465333597,-0.5374507653239999,-0.396481428965,-0.54537459723,-0.576261257735,-0.584590431696,-0.497056260026,-0.569448292576,-0.587989177882,-0.461462195944,-0.567986924732,-0.6146489960329999,-0.520414966874,-0.352876394921,-0.524902411022,-0.621376275394,-0.546418948544,-0.160369385712,-0.498666266541
BAK1,-0.621657578235,-0.570513368445,-0.385466413624,-0.556379683821,-0.474797030309,-0.20443136797000003,-0.40851559823,-0.433469711672,-0.545663117232,-0.573013901821,-0.5356571225819999,-0.40742737347900004,-0.467776475793,-0.46266923770499996,-0.468830625369,-0.509023166334,-0.5373708268990001,-0.663009696715,-0.497691007831,-0.535310004836,-0.31435099910799996,-0.47103842283799996,-0.447212134084,-0.524142650879,-0.40386591193099997,-0.533090257759,-0.415110743445,-0.586325118275,-0.533038095708,-0.320751509721,-0.291673882619,-0.585805914127,-0.17408173730700002,-0.485907639409,-0.501525900374,-0.5912187624840001,-0.557428207485,-0.576953351126,-0.645223037725,-0.522971587622,-0.6729428842749999,-0.595324439985,-0.43977034348399996,-0.7388039870379999,-0.503278515095,-0.583481351321,-0.520993819927,-0.522218789439,-0.595729210455,-0.327945105894,-0.534136007449,-0.627336651216,-0.556507218886,-0.451302687345,-0.562445309652,-0.110572466179,-0.411788385314,-0.606934019067,-0.465934628895,-0.381757740792,-0.334494802325,-0.389548040569,-0.485676853273,-0.421840548921,-0.5818150559449999,-0.554523456843,-0.436977674091,-0.583768856403,-0.477970257385,-0.736793206514,-0.636558719407,-0.549758401194,-0.467214738623,-0.5765473645570001,-0.498706782711,-0.554240157542,-0.327836573679,-0.46807854541199995,-0.41239405475199997,-0.5309295715860001,-0.5523465677889999,-0.5008694913989999,-0.369158466644,-0.47528024313100004,-0.433756976003,-0.597554634716,-0.5982400402179999,-0.377905392746,-0.559334395901,-0.472154995573,-0.608700069909,-0.518835371801,-0.5650545145310001,-0.504307281934,-0.26975198090999997,-0.460733634761,-0.468687519419,-0.48678383156099997,-0.501991387009,-0.469509478156,-0.645915006365,-0.298639357305,-0.450113018435,-0.465204684345
BCL2L11,-0.428988171034,-0.45903963281099996,-0.272838979276,-0.507320373389,-0.20443136797000003,-0.19967586670899998,-0.224054426575,-0.290526923134,-0.29593686112100004,-0.574719703864,-0.397056537157,-0.318572663923,-0.301393161733,-0.271792357018,-0.46303540509999996,-0.567352451117,-0.43042505645499995,-0.5462791771109999,-0.294286409492,-0.44110241782799997,-0.202965256736,-0.369725478915,-0.326764671193,-0.220628577711,-0.329065691233,-0.46778635485,-0.0943228510143,-0.456073929072,-0.41468262823700003,-0.196191854166,-0.0323549658215,-0.35789135155,-0.19360594093400002,-0.372407239124,-0.313892296305,-0.375759499269,-0.411476399388,-0.363744912913,-0.392017800503,-0.271305197051,-0.49128559058700005,-0.313497773649,-0.40735364064199997,-0.655307912768,-0.304993059652,-0.6353635985849999,-0.392662822896,-0.409774182112,-0.516027870884,-0.47514737900700005,-0.297700780817,-0.43869900271300005,-0.516355953752,-0.39126512036399996,-0.24612089695099998,0.16019378462300002,-0.240008103435,-0.315606098409,-0.237561709362,-0.0878621316364,-0.097512211389,-0.021538422278400002,-0.162481958566,-0.24209090442200001,-0.250145877322,-0.44454614257200004,-0.2059891889,-0.381986225027,-0.21909306376200002,-0.604158404542,-0.30766870072299995,-0.345785146163,-0.251651763447,-0.515298050259,-0.37465004820299996,-0.468123613287,-0.239474835929,-0.37495209269599994,-0.32626236719,-0.544885273454,-0.353902658156,-0.23682584135899998,-0.21982783618500001,-0.42208008674999997,-0.32109087281,-0.3604174124,-0.528666861731,-0.184481882522,-0.429857599079,-0.423893067396,-0.41321256236500004,-0.274153190288,-0.386428131711,-0.376798839903,-0.109513581384,-0.5893856932320001,-0.242150813158,-0.300173160634,-0.384887159079,-0.24651663484,-0.492597782082,-0.253283217806,0.00027610671727599996,-0.126412297747
BCORL1,-0.399750164639,-0.418626347998,-0.245965012121,-0.43321782691699995,-0.40851559823,-0.224054426575,-0.145392604062,-0.15443294397,-0.23041039380800002,-0.5998702629379999,-0.296674308816,-0.25596688980099996,-0.30396276458,-0.271092048506,-0.40840410242499997,-0.7748641635600001,-0.458233744609,-0.45858348525700005,-0.15916960733899999,-0.423003446887,-0.22257347261799998,-0.359799367922,-0.125763822669,-0.20108939704,-0.568217732681,-0.36304605675499996,0.011854786950999998,-0.307948775341,-0.383642412183,-0.250324320477,-0.045075096235800007,-0.278915429206,-0.331572168203,-0.17923066344500002,-0.301646864837,-0.442167633112,-0.39750308655100003,-0.488107706835,-0.49699087326200003,-0.19656570571499998,-0.5491370692149999,-0.150855266069,-0.420870239153,-0.630094582149,-0.32569848874400004,-0.57758969164,-0.35101564950099995,-0.416094068523,-0.583379693637,-0.23779475420899998,-0.226299606024,-0.41020709944899997,-0.404937385929,-0.298374998526,-0.243980700107,0.07965362069889999,-0.198483673703,-0.282937832959,-0.158918063332,-0.013009031784000001,0.05955314416659999,0.05986126461,-0.118495201226,-0.175861958506,-0.24058601959800002,-0.334492779199,-0.24426148989799998,-0.389205282517,-0.216341808965,-0.596997418259,-0.253209930609,-0.270037881532,-0.351266996567,-0.572455770011,-0.548625486379,-0.48587245526100004,-0.177915278587,-0.381359769283,-0.211264834124,-0.47277720669,-0.287228200405,-0.157398425121,-0.166197413973,-0.311550379466,-0.225028073149,-0.261354729969,-0.46910037821500006,-0.147259274636,-0.409956717636,-0.479689505207,-0.46151240575499997,-0.205485829281,-0.182485253406,-0.206844150236,-0.1002785263,-0.692838830074,-0.19180977873399999,-0.20854081444800002,-0.256836434388,-0.254375791304,-0.47933389693499995,-0.155543393433,0.0902320675733,-0.196620165774
BPGM,-0.332309307139,-0.477573191046,-0.325240303541,-0.453043050072,-0.433469711672,-0.290526923134,-0.15443294397,-0.263597025354,-0.24127040132,-0.576053596267,-0.319302708969,-0.316894650235,-0.273057861272,-0.330192840225,-0.472936841957,-0.7586863523340001,-0.47331604276699996,-0.439427408762,-0.17656777383400002,-0.37642182002400004,-0.242489197682,-0.410323834753,-0.26801086516999995,-0.208104446213,-0.506879534225,-0.36961031584299997,-0.0336864973633,-0.30489587323600004,-0.41548953608499994,-0.21381408247699998,-0.113146326206,-0.20425619968800002,-0.216885711608,-0.193617732149,-0.313101246479,-0.367385302406,-0.337694379754,-0.40189513013899997,-0.429588118605,-0.22032539957199998,-0.484301726739,-0.263547717485,-0.43944290617700005,-0.5721067383039999,-0.299350706244,-0.526627232838,-0.39209722459,-0.407543432042,-0.571536531615,-0.32952790008,-0.29690524761500003,-0.45842116007100003,-0.408368654777,-0.289396240443,-0.251877868279,0.0292467067032,-0.27838539244000005,-0.356611379198,-0.23371416344700002,-0.026441187085799997,-0.0030727304818199998,0.027541105896,-0.190693530477,-0.203256493021,-0.21028787851599998,-0.263109271095,-0.252211185333,-0.394461915458,-0.19621327273800002,-0.554343249795,-0.179612665756,-0.232725711842,-0.28950589013300004,-0.547829522896,-0.525169745303,-0.43426048681,-0.266718513537,-0.342878022368,-0.22853082391600002,-0.437396825169,-0.280932457907,-0.191376002674,-0.224376490571,-0.356617644469,-0.37764558397,-0.300667917525,-0.514269281502,-0.161558849164,-0.382492977047,-0.41988015151,-0.317654613293,-0.205983879322,-0.26240896384,-0.27379459078,-0.11929801330499999,-0.66925274331,-0.22840609949000001,-0.31322755513,-0.330976453004,-0.27221816851,-0.542081020288,-0.301230785845,0.040432227040400004,-0.198739024219
CBARP,-0.43041206944300003,-0.481988665054,-0.362616177387,-0.5605210792409999,-0.545663117232,-0.29593686112100004,-0.23041039380800002,-0.24127040132,-0.18504978303,-0.647271364652,-0.345325681757,-0.32923017938,-0.392475671807,-0.387329561321,-0.43277356176299997,-0.705762010376,-0.586115855704,-0.5550438914720001,-0.179654592938,-0.41985885099500003,-0.316340599502,-0.458760245546,-0.258252000059,-0.299630914307,-0.525034795178,-0.488847655457,-0.0366322787744,-0.463313114138,-0.589507624271,-0.284767985853,-0.10543994638399999,-0.20157769722199997,-0.265608621547,-0.24089773777399998,-0.484453721318,-0.535317020633,-0.537172153692,-0.5298833637,-0.488212415146,-0.256578798801,-0.540870339976,-0.256140498616,-0.5100406727619999,-0.624479302925,-0.391548197127,-0.627370058928,-0.41998862952699995,-0.518637553102,-0.598074848363,-0.290600312117,-0.351625669455,-0.539805735048,-0.5099651860050001,-0.334845353893,-0.27995734223200003,-0.146116088186,-0.293108018985,-0.326083811678,-0.26039843035300003,-0.06702997125389999,-0.024883856159700003,-0.0316976465301,-0.27515573036400004,-0.295949806175,-0.24835450520100003,-0.172125982148,-0.349503878398,-0.443284028025,-0.266215375252,-0.610752398147,-0.321505280132,-0.289006271371,-0.510172518552,-0.657221548466,-0.6464791429410001,-0.457599544722,-0.230952430292,-0.47482058598899995,-0.220501050534,-0.5688040079819999,-0.396716606928,-0.21104769309000002,-0.40666516300399996,-0.403840791162,-0.309766522507,-0.499479857042,-0.6747190935430001,-0.120936779716,-0.586941791984,-0.521749598624,-0.41525850341700005,-0.34605659503499997,-0.40891055482699995,-0.35588362352200004,-0.16860449098299998,-0.65290573982,-0.275176599201,-0.28495861753400004,-0.266473501763,-0.306741493925,-0.660260668124,-0.328032561715,0.056934885487800006,-0.290050531447
FOXL2NB,-0.623957664598,-0.583524660971,-0.618214948124,-0.658587296295,-0.573013901821,-0.574719703864,-0.5998702629379999,-0.576053596267,-0.647271364652,-0.524765366332,-0.659519991849,-0.56436408612,-0.573807532353,-0.489272660491,-0.548596552052,-0.766584262113,-0.640887568025,-0.700582130123,-0.622524597882,-0.648728186945,-0.625225295451,-0.680222648167,-0.495859015321,-0.704181940571,-0.554768250023,-0.588469401808,-0.41532235688600005,-0.691245287307,-0.587360529286,-0.635863046021,-0.545124603191,-0.697647223392,-0.21313553879799998,-0.5334950036630001,-0.629039511499,-0.66081774126,-0.629203457221,-0.442100865818,-0.647071837355,-0.640629677555,-0.577217869449,-0.519129349821,-0.643795957558,-0.583744714781,-0.678309348907,-0.601566899336,-0.583428023148,-0.562977429579,-0.667896504647,-0.46374850253899996,-0.678410374556,-0.584886531595,-0.647929866308,-0.650608267734,-0.629703873259,-0.581475760075,-0.6079948171339999,-0.5908393081059999,-0.5983745416049999,-0.519788639201,-0.46090303920599995,-0.503799923221,-0.6792267438099999,-0.641665286491,-0.586718480218,-0.586138588248,-0.602308840714,-0.673833535519,-0.648237493658,-0.6978694268150001,-0.671046545456,-0.622501495748,-0.5786701917539999,-0.643674773992,-0.573658820304,-0.48414961815700003,-0.49747272320299996,-0.7392908773129999,-0.583246017896,-0.561508554916,-0.663514199982,-0.639506754228,-0.6138304614019999,-0.589245179676,-0.420411306679,-0.659051637464,-0.6718327277339999,-0.547541183913,-0.6791709131,-0.637017777708,-0.683947769754,-0.58261537023,-0.626202588731,-0.5531405005910001,-0.560041464595,-0.645689002659,-0.623639301044,-0.635750942399,-0.5884770079199999,-0.590972407832,-0.6177577856350001,-0.589023298149,-0.45347472435099995,-0.642630943071
CBFA2T3,-0.5079570638750001,-0.574725642722,-0.380461580803,-0.470201167222,-0.5356571225819999,-0.397056537157,-0.296674308816,-0.319302708969,-0.345325681757,-0.659519991849,-0.292034510062,-0.300868374074,-0.43244674299999997,-0.369507494299,-0.419880272377,-0.7966565907109999,-0.622355111129,-0.522556184823,-0.39836903650300004,-0.533893161231,-0.31603358972199996,-0.45356311968400004,-0.29379015609700004,-0.338048476857,-0.481172906806,-0.444128679016,-0.0940408515308,-0.484809533755,-0.40166927955,-0.282876822505,-0.114773552038,-0.354330045869,-0.249865299541,-0.37736381071900005,-0.504371374727,-0.591221779327,-0.5597457707360001,-0.556641113752,-0.561659931887,-0.334216991904,-0.521341591077,-0.23776565977699998,-0.525540236406,-0.637893589462,-0.525067676891,-0.5724738909880001,-0.37666790536300004,-0.5361301954150001,-0.570232840862,-0.370579191884,-0.440131109025,-0.539715228179,-0.487634447673,-0.354884439903,-0.38099698710999996,0.113859905811,-0.349628423266,-0.495090998482,-0.365764840541,-0.0516146903679,-0.0185808771819,-0.021732277410900003,-0.285441815948,-0.307754305216,-0.29993886853,-0.458367198596,-0.44113897344499997,-0.484663560567,-0.179677806458,-0.637519440416,-0.462269066951,-0.34198674931,-0.441487854733,-0.607965756022,-0.5708065422290001,-0.5128872026300001,-0.238893933961,-0.511233677754,-0.298217997483,-0.457811848962,-0.523917779346,-0.278369359764,-0.437578895587,-0.43533755223000004,-0.367738344129,-0.390767353069,-0.561385384792,-0.227139449979,-0.576375413755,-0.49343969931299997,-0.44372172823999995,-0.369354879023,-0.349927076685,-0.223623195804,-0.195967713257,-0.511035852927,-0.274694407706,-0.274677855571,-0.27253539948399996,-0.35026321873000005,-0.627519986629,-0.278724022593,-0.025298524487200002,-0.259517926216
CBL,-0.5317202805,-0.4579969408,-0.26248445585499997,-0.597250305397,-0.40742737347900004,-0.318572663923,-0.25596688980099996,-0.316894650235,-0.32923017938,-0.56436408612,-0.300868374074,-0.19900855357799999,-0.359482180088,-0.288118694947,-0.45415655857000004,-0.7315618608769999,-0.46024311840300003,-0.49252785119,-0.239760219905,-0.39722688154799995,-0.35530707316699994,-0.43743869215099995,-0.431358402329,-0.290035355464,-0.5322144047540001,-0.374106079398,-0.024381862011700003,-0.346419768689,-0.600355145054,-0.27615052705800003,-0.059836410767999997,-0.17515162169799997,-0.231813885055,-0.18643345505999998,-0.380492187472,-0.44917724940700005,-0.374579824756,-0.498497592234,-0.51558651485,-0.308304611427,-0.538338949558,-0.21180198656500002,-0.560463109382,-0.620075954623,-0.30313026460000003,-0.549815186072,-0.402769970378,-0.39658517158600004,-0.5832366931090001,-0.363827891712,-0.23108402371300002,-0.504607680735,-0.436431741416,-0.269252332939,-0.180479167434,0.0372508597812,-0.235464709251,-0.296804081747,-0.301915595262,-0.0566526909352,0.061108129705800006,0.0782092485749,-0.188452510322,-0.198026517872,-0.238164026636,-0.272380367594,-0.287996047503,-0.422701607254,-0.24873760962900002,-0.54399688229,-0.144218818237,-0.288762683766,-0.424313647487,-0.528758997409,-0.526171382535,-0.487129677087,-0.27898912935,-0.417970291639,-0.295054988942,-0.46931009089500003,-0.349408045392,-0.176914139899,-0.288593546719,-0.39885787196500005,-0.398266474419,-0.45493205039800005,-0.556704204964,-0.197890481138,-0.327100593787,-0.431079611668,-0.43148879785300004,-0.258787150737,-0.246160752986,-0.298683970821,-0.109960402013,-0.578822450015,-0.22559863604400002,-0.452744889999,-0.44734842796999996,-0.31498398862,-0.559256685857,-0.289475865605,0.08270266874610001,-0.251478806739
CDKN1A,-0.48621710318000005,-0.44751522887100004,-0.44737558851000003,-0.491038771581,-0.467776475793,-0.301393161733,-0.30396276458,-0.273057861272,-0.392475671807,-0.573807532353,-0.43244674299999997,-0.359482180088,-0.317649200856,-0.314184241505,-0.483443222613,-0.7359077991159999,-0.46510008286000004,-0.529327775579,-0.343063908424,-0.42971242786700004,-0.33322506221000003,-0.390005011814,-0.32203143407699997,-0.279479025428,-0.482839644937,-0.448860632755,-0.14693082746400002,-0.436528472359,-0.47383382666699997,-0.430561851529,-0.20407536017099998,-0.301679597861,-0.264750827267,-0.373462473118,-0.429618266339,-0.47395738470700005,-0.47638780429300004,-0.485175170228,-0.436981850871,-0.388706247464,-0.474770973863,-0.307822762332,-0.447199744108,-0.64861349619,-0.405331062393,-0.49271854574900004,-0.45219536944600003,-0.44140385238799995,-0.551522709256,-0.422705009501,-0.363211032825,-0.490608321436,-0.540021985908,-0.38072268370800005,-0.391658598248,-0.201578323429,-0.35204308796800005,-0.44170132712899995,-0.385120737337,-0.18370618347399997,-0.235544891679,-0.159239265171,-0.290196516051,-0.36525286757200004,-0.334452872329,-0.296751403937,-0.397454810909,-0.41283536911300006,-0.37838590090499996,-0.501329163239,-0.395218601955,-0.31982849420299997,-0.449548044951,-0.4912831911399999,-0.591317896703,-0.47682455207099994,-0.3169867751,-0.46101319083400005,-0.284917837847,-0.457809287001,-0.444970827484,-0.325127022299,-0.273483922566,-0.469771168283,-0.428973205953,-0.401532810752,-0.43888083342399997,-0.364245563531,-0.413376196381,-0.512082586898,-0.39173217206200006,-0.328597436283,-0.326791148799,-0.41424360711999997,-0.30525066096299996,-0.506875101331,-0.368786877473,-0.401868923459,-0.383123231035,-0.35765024611199997,-0.5218860295709999,-0.32555199765299997,-0.0822959654277,-0.321727179276
CDKN1B,-0.364905880668,-0.437350373676,-0.30769222056699996,-0.446905889964,-0.46266923770499996,-0.271792357018,-0.271092048506,-0.330192840225,-0.387329561321,-0.489272660491,-0.369507494299,-0.288118694947,-0.314184241505,-0.47298512409800003,-0.471103792976,-0.659560251703,-0.390133447545,-0.43346484490099996,-0.27454438659200003,-0.325747523376,-0.303437484805,-0.403467932753,-0.392608738936,-0.25024467594099997,-0.418091475845,-0.38029212245300004,-0.127802258971,-0.40877406696,-0.49232094081999994,-0.358849024434,-0.180885078774,-0.284173579623,-0.259010832403,-0.303144884617,-0.342941113033,-0.407812074266,-0.41172636133100005,-0.38493183834100003,-0.456162860085,-0.37098403760399995,-0.39282970348499996,-0.300621509126,-0.39209486317500003,-0.5215899904510001,-0.347974168318,-0.420031323882,-0.31493540372699996,-0.398820793651,-0.529920100663,-0.40241410028,-0.27642451876400004,-0.440841569675,-0.484539292776,-0.326048887427,-0.343656456688,-0.124999207755,-0.326785781366,-0.41165982970200005,-0.32578602568500004,-0.164072934755,-0.179785250614,-0.131863010942,-0.243149185369,-0.311022172714,-0.328281850263,-0.27928444644,-0.383618996329,-0.391983533922,-0.318459073206,-0.379204960625,-0.322867639595,-0.34409005887599997,-0.4507890098,-0.461422862029,-0.457374542105,-0.39958435154700006,-0.265107748963,-0.377978241985,-0.275642425647,-0.403035640027,-0.36406727178900006,-0.356451094314,-0.282920418987,-0.426112680138,-0.433091133107,-0.326530922209,-0.484710828576,-0.240467225555,-0.347426482801,-0.501829756783,-0.32204866175700003,-0.261356982114,-0.293814836302,-0.410713802909,-0.25669221142,-0.368355256011,-0.31868714127,-0.356216827674,-0.31192720251600004,-0.27610721751,-0.422606398379,-0.329791805148,-0.041860129128199995,-0.291144981066
CDKN1C,-0.569256886915,-0.46916782522399997,-0.444464937075,-0.531062109675,-0.468830625369,-0.46303540509999996,-0.40840410242499997,-0.472936841957,-0.43277356176299997,-0.548596552052,-0.419880272377,-0.45415655857000004,-0.483443222613,-0.471103792976,-0.46679723247500005,-0.582215426938,-0.428569893881,-0.578819615693,-0.42586001499399995,-0.571443405089,-0.348756540511,-0.451212670992,-0.483749818568,-0.38878060152500005,-0.527694978161,-0.523076329648,-0.270718724864,-0.464343415201,-0.5175915340039999,-0.479942791482,-0.393936413913,-0.34550720679700003,-0.23721803355,-0.45973099446099996,-0.507328926401,-0.535678771588,-0.534005551503,-0.477520108024,-0.492454660625,-0.44774687561399995,-0.42875552088,-0.396196242646,-0.391337730814,-0.518221233959,-0.483695484314,-0.545317100884,-0.437795473931,-0.42563668534500004,-0.5428325939190001,-0.533968364938,-0.454828653844,-0.453752789165,-0.523135447233,-0.491967985868,-0.486225743795,-0.33333680236900004,-0.45452226655199995,-0.442203724685,-0.435264452373,-0.39955876657,-0.38033121568800005,-0.297551105035,-0.42511439229099995,-0.450942323593,-0.44197184578500004,-0.34886785674000004,-0.495109671744,-0.536894949772,-0.42938507372199997,-0.481848626813,-0.40927392249,-0.398617833545,-0.425597614594,-0.555477806465,-0.467733972015,-0.464442288293,-0.419623787162,-0.384217471734,-0.41719729295900004,-0.493059306486,-0.45987338974200004,-0.38672799710100003,-0.422696940202,-0.45091651471199995,-0.547798636118,-0.455373034013,-0.472709489155,-0.420989901796,-0.5245579843689999,-0.532784916403,-0.48438821936399995,-0.387665953271,-0.49097758135200004,-0.47672889903099996,-0.418556567546,-0.532722676378,-0.465178153035,-0.44993621755900004,-0.438489066835,-0.465189428947,-0.5833042755219999,-0.441054797922,-0.180653761268,-0.485964995071
CEBPA,-0.74482095639,-0.635602727314,-0.725846090395,-0.666096234963,-0.509023166334,-0.567352451117,-0.7748641635600001,-0.7586863523340001,-0.705762010376,-0.766584262113,-0.7966565907109999,-0.7315618608769999,-0.7359077991159999,-0.659560251703,-0.582215426938,-0.807692128672,-0.716634555337,-0.6793758530490001,-0.691045801046,-0.749420122625,-0.699477576082,-0.740751578187,-0.688370097535,-0.8119804639429999,-0.746168756237,-0.7933084297390001,-0.724675673825,-0.7435667658149999,-0.651716988618,-0.7246684107350001,-0.665191359653,-0.739809143873,-0.295775356954,-0.696048424907,-0.694141321801,-0.780466682298,-0.791507319595,-0.767290190326,-0.666708215734,-0.763494230079,-0.6835227761570001,-0.790996042784,-0.738470848069,-0.705489182957,-0.7561655620290001,-0.70805711102,-0.801775269048,-0.7017268885340001,-0.776787585575,-0.682774485781,-0.6897194755580001,-0.771293441474,-0.652154934388,-0.686988249508,-0.7029018632840001,-0.6538717340160001,-0.774964575741,-0.729247948311,-0.7950759876260001,-0.722112882559,-0.689159951199,-0.7486826441969999,-0.674870358476,-0.7326631289769999,-0.7288776912639999,-0.799899128722,-0.7780532908600001,-0.776827087754,-0.701836910654,-0.8198690127670001,-0.794972343583,-0.741156428578,-0.673632990767,-0.6486762234669999,-0.6829578489679999,-0.7209721593430001,-0.751808557191,-0.731632401022,-0.7351666352320001,-0.7049812357709999,-0.710583239132,-0.8260104861859999,-0.709489401444,-0.667037951457,-0.698990786964,-0.752514396655,-0.738485122675,-0.710136413513,-0.681962508045,-0.734953581068,-0.742489651739,-0.727510200426,-0.7757364176389999,-0.7853189007860001,-0.710926046567,-0.663301167342,-0.7425551035150001,-0.829252903212,-0.724433268688,-0.7218090273700001,-0.6979272774449999,-0.6221094894129999,-0.709943288163,-0.730503083214
CEBPB,-0.539580780565,-0.502778533226,-0.547900769137,-0.608520706822,-0.5373708268990001,-0.43042505645499995,-0.458233744609,-0.47331604276699996,-0.586115855704,-0.640887568025,-0.622355111129,-0.46024311840300003,-0.46510008286000004,-0.390133447545,-0.428569893881,-0.716634555337,-0.535409038706,-0.6768161300579999,-0.509485987805,-0.563290938683,-0.41647047479000004,-0.545313498614,-0.533637581239,-0.465484641655,-0.49853799965400003,-0.586219271193,-0.311170354133,-0.578626204009,-0.659084968948,-0.40724407816200003,-0.49173901301899997,-0.44500549678999995,-0.33259755972,-0.53646763662,-0.535440338768,-0.603482310932,-0.636256232976,-0.588855832813,-0.549673702476,-0.526516666155,-0.6156559931710001,-0.43920377842200004,-0.532422946873,-0.664109361352,-0.561513006918,-0.695337844532,-0.5275413684920001,-0.659575022029,-0.47620048833800005,-0.559045931958,-0.593702765089,-0.6048996657760001,-0.63467627013,-0.5984821504110001,-0.5568461422469999,-0.289520333909,-0.469005890645,-0.5111763248910001,-0.39963683228600005,-0.41314800913599997,-0.41378628311,-0.385933636819,-0.458609023351,-0.507830984063,-0.620821143783,-0.43738986561800003,-0.594680348234,-0.540409699263,-0.506047637176,-0.696498444508,-0.5873703572060001,-0.519942100808,-0.591685896109,-0.634271192179,-0.572454632648,-0.5358685878980001,-0.349327941316,-0.582902198956,-0.375919521744,-0.584888247437,-0.519740332666,-0.48341362966000007,-0.46231264894100005,-0.436481891924,-0.56892865096,-0.506310679774,-0.628248308337,-0.415878500636,-0.6921788464859999,-0.506305374876,-0.574843403461,-0.37980178490500005,-0.506350948886,-0.485219046707,-0.41639723908299997,-0.45198927337800004,-0.541901568394,-0.52393067281,-0.4472728286,-0.503602787144,-0.5676204959210001,-0.507035958197,-0.181168306723,-0.5489379962
CEBPE,-0.629472609754,-0.43963381483099995,-0.487271550472,-0.609310282725,-0.663009696715,-0.5462791771109999,-0.45858348525700005,-0.439427408762,-0.5550438914720001,-0.700582130123,-0.522556184823,-0.49252785119,-0.529327775579,-0.43346484490099996,-0.578819615693,-0.6793758530490001,-0.6768161300579999,-0.708422494923,-0.5416710740649999,-0.573556807327,-0.40586658916699997,-0.589800696346,-0.493245014014,-0.4502371265,-0.560369898672,-0.41472193648100003,-0.323853120173,-0.59751590648,-0.654151995374,-0.508960833742,-0.450757387646,-0.485980481923,-0.30607724762,-0.5645334905780001,-0.584850893707,-0.632771002044,-0.572562568473,-0.715185824826,-0.568208436379,-0.537087804535,-0.660862184863,-0.534659998095,-0.601599581755,-0.776116740805,-0.635723402463,-0.66267302386,-0.547956550301,-0.5052594051079999,-0.610993691071,-0.684201567825,-0.492134842522,-0.614323314907,-0.6437116267840001,-0.551275376439,-0.6534030810620001,-0.193798524897,-0.518590433564,-0.512375500154,-0.471926963622,-0.478993816745,-0.43468840277099996,-0.38723147713100003,-0.499196993833,-0.550006794621,-0.5614119749409999,-0.36381949353500004,-0.55492720368,-0.611477779994,-0.458823765845,-0.7637883567,-0.601654793006,-0.435955706185,-0.639332281714,-0.74681437964,-0.642892518909,-0.6166173806440001,-0.445168675777,-0.610570985704,-0.46918158703100005,-0.590659973259,-0.555430755728,-0.430420569001,-0.520150543648,-0.559664317446,-0.324770688039,-0.635687944256,-0.5306067874270001,-0.476396245173,-0.636630590059,-0.606228777842,-0.6174502869030001,-0.349804263453,-0.46308011377499997,-0.520789912358,-0.451654134432,-0.626055223487,-0.537445003349,-0.52746805424,-0.545970681017,-0.443197838351,-0.61562927788,-0.563199310331,-0.141252288407,-0.5549515317329999
CELF2,-0.469477301874,-0.41814168931199996,-0.312768489501,-0.464380347109,-0.497691007831,-0.294286409492,-0.15916960733899999,-0.17656777383400002,-0.179654592938,-0.622524597882,-0.39836903650300004,-0.239760219905,-0.343063908424,-0.27454438659200003,-0.42586001499399995,-0.691045801046,-0.509485987805,-0.5416710740649999,-0.314537058977,-0.386806543081,-0.213912919355,-0.367083523767,-0.145035827069,-0.239590196477,-0.48021968799099995,-0.399651558319,-0.027636050303599998,-0.31811190068100004,-0.406638941138,-0.21506571647199998,-0.0710891878642,-0.356140153186,-0.26868906874299997,-0.39847376370399995,-0.34088466202100004,-0.43545223309799996,-0.39800968482,-0.4862721123899999,-0.491457988309,-0.238028551893,-0.46212131168700005,-0.13978011475500002,-0.510872428696,-0.624939727724,-0.307032510774,-0.494939258461,-0.44418145517700003,-0.369670114687,-0.485286854603,-0.28541584084399996,-0.237866087435,-0.417759024786,-0.383912446414,-0.347177261748,-0.299860046342,0.14119101887,-0.23323052478300002,-0.347129184534,-0.162678844997,-0.0803101759169,-0.0416473373658,0.00345196461589,-0.124270588353,-0.165272547719,-0.269464939597,-0.330375344351,-0.21025973157800001,-0.34436798905999993,-0.19926555086199998,-0.609292134819,-0.352215715707,-0.32329624641399995,-0.307283577416,-0.47570416561800005,-0.42184026763800003,-0.413801486404,-0.131340781577,-0.42122724547,-0.167570614152,-0.479847164005,-0.27622962645300003,-0.17443306049600002,-0.22820935001999998,-0.331164289558,-0.317308968096,-0.318202858967,-0.464603290946,-0.11858097889699999,-0.37280334076099997,-0.580680814292,-0.47044477889200004,-0.188840824035,-0.219853009343,-0.148068531435,-0.129955363155,-0.576319256269,-0.225231266316,-0.225254114437,-0.222058611211,-0.268439621252,-0.534368684912,-0.200702384159,0.0833931197647,-0.151394649593
CITED1,-0.462489649604,-0.48440251240099996,-0.550499829311,-0.545532713444,-0.535310004836,-0.44110241782799997,-0.423003446887,-0.37642182002400004,-0.41985885099500003,-0.648728186945,-0.533893161231,-0.39722688154799995,-0.42971242786700004,-0.325747523376,-0.571443405089,-0.749420122625,-0.563290938683,-0.573556807327,-0.386806543081,-0.45984028047200004,-0.362755979876,-0.44327588503,-0.4119719216800001,-0.356954229375,-0.516096617319,-0.511834444168,-0.208024831822,-0.508893749495,-0.543767057493,-0.48850689663400004,-0.322507316737,-0.434015204695,-0.40676935528,-0.39079333712,-0.5027682055520001,-0.542951410533,-0.485173457147,-0.533937111659,-0.436941998848,-0.408808801778,-0.527596550258,-0.351895204663,-0.480771167554,-0.6647919462690001,-0.470367838838,-0.577602825266,-0.445580773144,-0.508058788073,-0.616223210276,-0.524965382797,-0.516619345317,-0.508143380188,-0.535813369541,-0.5302868615690001,-0.48110261518700004,-0.147943015395,-0.47862463821199996,-0.490963098109,-0.357570163394,-0.23970175898600002,-0.316208415252,-0.244608556842,-0.34560339781800004,-0.41019470837800004,-0.386459725075,-0.44862565819399997,-0.378075006565,-0.495964102108,-0.41749347051200003,-0.5796220364019999,-0.460123242847,-0.43204802191299996,-0.468809580336,-0.511182349205,-0.550776948179,-0.426057775468,-0.317376311985,-0.509244015021,-0.340342008719,-0.49928666236900004,-0.42330027486999994,-0.374477197667,-0.33235285226,-0.43793947041500003,-0.557970391872,-0.43668752221199997,-0.564050703318,-0.36521798969499997,-0.5537691491350001,-0.534298815892,-0.525362254201,-0.45563264384499996,-0.427270708542,-0.389226686722,-0.282988811005,-0.588145689291,-0.469794035465,-0.35523365169,-0.42394056700800004,-0.415584896566,-0.6122999085399999,-0.380263661113,-0.0028173777874600002,-0.43668941605899997
CKS1B,-0.414215480223,-0.444536885815,-0.313853899272,-0.499300952938,-0.31435099910799996,-0.202965256736,-0.22257347261799998,-0.242489197682,-0.316340599502,-0.625225295451,-0.31603358972199996,-0.35530707316699994,-0.33322506221000003,-0.303437484805,-0.348756540511,-0.699477576082,-0.41647047479000004,-0.40586658916699997,-0.213912919355,-0.362755979876,-0.292899562846,-0.435944443527,-0.303108699423,-0.166971576195,-0.5120461671800001,-0.47328373211400004,0.0367636682856,-0.226967144719,-0.4458788726100001,-0.240265953628,-0.0751710143687,-0.220083800141,-0.17642510229400002,-0.155361460634,-0.283852034806,-0.414202111919,-0.33027996609099997,-0.5090124199,-0.48458877586800003,-0.25197387230900004,-0.385504715575,-0.253059017837,-0.445940375021,-0.567963731795,-0.28854321123000004,-0.492079876589,-0.40614891882200005,-0.43890025127,-0.618793015646,-0.357767233407,-0.262338837141,-0.466505184551,-0.298382915329,-0.34911274565300005,-0.302736746201,0.0293308772291,-0.287601006708,-0.378156153513,-0.239693169778,-0.0316309029739,0.0195738659115,0.0349173900773,-0.190006011214,-0.21562493001699998,-0.250652289869,-0.226842200918,-0.274247607114,-0.34519985649999996,-0.278236317315,-0.545342564163,-0.190588406461,-0.293429934249,-0.321103196297,-0.514983979338,-0.463754360923,-0.457731528613,-0.29021254358000004,-0.33198578998399997,-0.259048511332,-0.44383053136600004,-0.316248780858,-0.189312033272,-0.229299616346,-0.396541553582,-0.466016419185,-0.36210294131399995,-0.425629125096,-0.21993352689800003,-0.288870541701,-0.415068623629,-0.390809624015,-0.19747847301,-0.199185901109,-0.268325296094,-0.154763289765,-0.53747047901,-0.28802192216600003,-0.406795531873,-0.306779687024,-0.323934288392,-0.47451151005900005,-0.283569789427,0.0636308757119,-0.28511781059700003
