,AHR,ARID1A,ARRDC3,ATL1,BAK1,BCL2L11,BCORL1,BCR,BPGM,CBARP,FOXL2NB,CBFA2T3,CBL,CDKN1A,CDKN1B,CDKN1C,CEBPA,CEBPB,CEBPE,CELF2,CITED1,CKS1B,CLDN6,CNN1,CNNM4,COL1A1,COL2A1,CSRNP1,DLX2,DUSP9,EGR1,ELMSAN1,ETS2,FEV,FOSB,FOXA1,FOXA3,FOXF1,FOXL2,FOXO4,GCH1,GLB1L2,HES7,HK2,HNF4A,HOXA13,HOXB9,HOXC13,IER5L,IGDCC3,IKZF3,IRF1,ISL2,JUN,RP5-862P8.2,KIF18B,KIF2C,KLF1,KMT2A,LHX1,LYL1,MAML2,MAP2K3,MAP2K6,MAP4K3,MAP4K5,MAP7D1,MAPK1,MCOLN3,MEIS1,MIDN,NCL,NIT1,OSR2,PEG10,PIK3CB,PLEKHO2,PLK4,POU3F2,PRDM1,PRTG,PTPN1,PTPN12,PTPN13,PTPN9,RHOXF2B,RREB1,RUNX1T1,S1PR2,SAMD1,SET,SGK1,SLC38A2,SLC4A1,SLC6A9,SNAI1,SPI1,STIL,TBX2,TBX3,TGFBR2,TMEM173,TMSB4X,TP73,TSC22D1,UBASH3A,UBASH3B,ZBTB1,ZBTB10,ZBTB25,ZC3HAV1,ZNF318
AHR,3.25144681371,-1.7649367446400002,0.7506703081980001,-0.23776596519999998,-0.470196301394,0.266426791153,-0.14902966842499998,-2.8948263293000003,1.0704243862,0.7552524038639999,-0.526182966136,-1.4697811141400001,-1.1657256134899998,0.658735575308,1.92244375634,-0.47830452162500003,-1.7661578492900003,-0.281501748931,-1.20601441696,-1.84214850354,0.282428100502,0.388842211843,1.16046120943,0.529937558586,0.0270739968963,0.461491659565,-0.275082215016,5.15418856021,-0.695934042475,-1.4359644312600002,-0.0679612529592,-4.71126199744,-3.67567666676,-5.02774293854,-1.89626056277,0.210441757575,-0.5191115091749999,-1.95881815311,-0.506655058631,0.138163037758,1.11719600203,0.23227971730500002,0.975733693312,1.72987602943,1.81154323449,-0.424960444631,-0.32840883846999996,-0.6695045372940001,-2.39121864702,-1.04013590695,-0.27549834318599997,-1.5954279197,0.167329117668,-0.39362715985299995,-0.592537753646,0.42507002218400003,-0.5297306807,8.108849223160002,-1.27328506698,-1.57234005324,0.0251652684492,0.613337747435,0.190863116556,-1.4979312757299998,1.5109709715600002,1.82183874167,-0.41392420039399996,-4.08473959014,-0.21475008134,-2.15915773592,0.9612425077429999,-2.67746418228,0.1224908183,-0.27087266651700004,0.960095977775,0.470886789266,0.8506138553829999,-0.6477870260809999,-2.74356272638,-0.23156579604699998,0.08203458630189998,0.615079387759,0.9214831730959999,1.3610658365000001,-0.211969354856,-1.99921127955,1.33880225711,-1.62782127903,-0.160310751488,-0.932364112667,-0.434959686732,1.4879299430700001,-2.5364974032700003,0.451130680264,-1.33383276002,0.314206000457,0.679205550318,0.9738035666920001,3.6879808904300004,3.55842179378,-0.167571570584,0.143065951007,0.999352639191,-0.0646462273786,0.742918030537,0.18992414954300002,-0.70749160344,0.902518404631,0.560174264007,2.8959178174,4.09605760757,-2.2425694648
ARID1A,-1.7649367446400002,5.85814086245,0.5668313679110001,-1.05331744503,-1.20347888091,2.40143533152,-1.0906844983700001,0.5866648239850001,-1.3987863327799999,1.02133897513,-0.474317387629,-3.5391858026099996,0.124589994331,0.290321313204,-0.42856253899700003,1.1720376863600002,0.0701113525357,0.8290789586920001,3.1759417655599997,1.79341380042,-1.08087397433,-0.400063209676,1.39749622238,1.21352875168,-0.6440692019309999,1.6210244119600001,-0.9056642005259999,0.963667498125,-2.99618423956,1.9802048935900003,0.42018186565,-1.3666559440600001,-2.8134230712299995,0.393242670488,1.39241495613,-1.309492864,-2.17727168815,-2.73248025022,-1.61505106245,1.6325345978999999,1.19456427453,1.5335494986200002,-0.0461086848825,1.7294794185599998,1.8984952067200003,0.21408328287,-1.8221205599799999,2.2283231147099998,1.45071486265,2.2426899549400003,-1.5894446067299999,2.38347784132,-1.41689377859,-0.23952386867400002,0.38648259914800004,2.89022195639,1.48712853579,2.11836699784,-0.7543129443790001,-0.7004928544239999,1.90867049222,1.58613307697,1.78712877971,0.672289950581,-1.4878499328299999,-0.100084366427,-0.674341521017,-1.77441244938,-0.199624515892,-0.9858089085100001,-0.261452460803,-3.39280782389,1.13320903019,2.3850487370400004,-2.71646198412,1.30880670213,0.523743061164,2.9128670290599996,-1.45666542774,0.102586212392,-2.16357595485,-0.9344659338310001,-0.568829239108,0.6737497697329999,-1.15341675612,-0.258936203887,-0.184477565324,-1.4084711999000001,-1.9676475174799999,-0.474293239384,0.414759747544,2.02510124815,0.276881520507,-0.7360759018780001,0.593106914872,-3.70866138936,0.629086724481,1.8178429585,-1.14507034817,-1.7336304852400002,1.69730979861,0.321472270461,0.248135346283,1.48528755153,-0.34013471355999997,0.159331325157,-0.962795132463,0.503796491708,-1.02533203537,0.7811879225589999,0.525223488849,-1.01585038749
ARRDC3,0.7506703081980001,0.5668313679110001,0.7021313350239999,0.8781475225450001,2.8138674781,0.5666389432310001,-1.07275746224,-0.45157677642800004,-0.8740863109460001,-0.19819006211100001,-0.230417721358,0.027706499523,0.9973764986079999,0.0294423097677,0.0842532169456,0.995864646225,3.7968373389199996,0.489197907867,0.913129885687,0.459236595674,-1.94055773843,0.00016773348165799999,0.166353500936,1.2031392451799998,-1.9255086171400002,0.0709418100925,2.54025056,-0.45491852138300004,-0.592767487891,-0.575820381072,-1.19891146466,0.07422413093560001,-2.5904674558000003,2.71803721083,0.729955664418,-0.812060102297,-0.828123848908,-1.0200213309700001,-1.31507830013,0.16249915899599998,-1.4000075623100001,-0.733513361354,-0.46024050066399996,-0.9241618453650001,-0.152653134318,-0.838303774412,-0.698306743344,2.34179825803,0.19716329350900003,-0.319093261436,-1.23072382655,-1.63027220769,-0.41341701382,1.19861584215,1.2071134272600001,1.65682108679,0.759483880809,-0.489500754855,-0.833628952234,-1.15296488744,-0.0879976019087,2.23256035098,0.148970206041,-0.558979233913,-0.998685804349,-2.2089568704599998,1.74621998156,-2.1582340345,-1.03798855432,-0.39367208411399995,0.698117496942,-0.50141203988,-1.19038261905,0.479601306997,1.56307535075,0.8259011711740001,0.0177770348374,1.51620212162,1.5510334521200002,-3.2214494654799997,-3.5200574651,0.29056977139,0.951429040769,-1.74796651997,-0.152903528963,0.580157081947,-0.621852267191,-1.6756384287200001,-2.2973961423900002,-1.78461577162,-0.7302176221860001,0.875188819772,8.87183038076,-1.6488561511700002,2.30640569736,-0.398285827267,-0.045376047572400005,-0.167534033203,-2.07037060834,-2.81084101157,0.37762758150700004,0.913364937948,-0.827863532867,2.95157243017,0.364544282004,-0.103082230704,1.6075415759600002,0.163387328548,0.661026676791,-0.0460378346263,-3.5793172408099996,1.48491101881
ATL1,-0.23776596519999998,-1.05331744503,0.8781475225450001,5.204497902280001,1.06723570099,-0.7707332402399999,0.366154044539,-1.99169337602,-0.38809253583400005,-2.26548075179,0.6864215425460001,-0.07369279285619999,-0.230833552443,-0.38917424891,0.963286150891,0.819255765064,0.548554514394,0.427007116828,-0.488533350931,0.741507768028,-0.6985536382009999,0.20110250532499999,-0.678293756828,-2.08093058093,-1.3192754129200002,0.554233116845,0.542178230593,1.50171162247,0.49821522417099995,0.24668275271499998,1.71732156761,4.10116038216,0.978474640654,1.04114744567,-0.110446966846,-1.17840959547,-1.32562604878,-1.74790460509,-1.17398130369,1.82433212441,-0.698761728961,0.743053989438,-0.501099547906,-3.1112456986000003,0.5621738008780001,-1.0208245274799999,-0.868985227557,-0.144220852237,0.9898621810510001,1.1350985833299998,-0.813521289023,2.99453042528,-0.831537798242,0.154132246309,-0.239799967296,1.66134549704,-0.459115170634,-6.824226372130001,1.07983780787,-0.996552540317,-3.41926198931,2.9076250515599997,2.57319287135,1.8684591944,-2.2512138407199997,-2.0134725268900002,-0.32904112566599997,2.6306765220700004,1.6175557686500002,-0.693202371754,0.08872802115810001,-3.97784820699,-1.08963666271,-1.03648157494,0.35663172809199994,0.147935304668,-0.918358953733,0.163962518361,-1.4715717642800001,0.666941671914,-0.067876145556,-0.0381024686641,0.5889711387659999,-0.5079446515280001,-0.471593379612,0.11773417041300001,-1.0150894145,-1.7653977825999998,-2.91805324875,2.8675161422500004,0.96871379104,-1.7823743753099999,2.80041589072,-0.549451073349,4.344798566880001,-1.17411590389,0.716203981591,1.20056296305,-3.93425568268,-3.6730474750199997,-5.504549249430001,-0.1021252577,-2.1682343675299998,0.514256772567,-3.6998771723300004,1.0716922235,11.2240594205,-0.602975500362,-1.03669703836,-0.595523560625,0.654820684755,1.684241268
BAK1,-0.470196301394,-1.20347888091,2.8138674781,1.06723570099,2.1253010870599995,4.40954193222,0.134112675467,-0.6883107955760001,1.30756403974,0.0261647712927,1.2102620956,-1.2535149875799998,2.05268206322,0.711160588191,-0.230426799965,1.1458749060100002,-0.567031642313,0.04873323146919999,-1.7394698096099999,0.6645251784589999,-0.152336759265,3.58626085232,1.0637217537399999,4.07732260513,-0.0956918878231,1.33237896479,1.24020624769,-8.34029390372,-1.86557450317,-0.44008986524800003,2.59740717569,4.649770150759999,-3.96197200611,0.775942764707,0.0360487730933,1.6041990031400002,1.28540447901,0.9897177960200001,0.415597309974,-0.6936558118549999,0.488929647879,0.0610385268365,-1.2209162528,-6.50576057162,0.7618437210860001,-1.10826459619,0.819811785256,-0.105437126674,0.071295172246,0.9939660482960001,1.08009421847,0.819420884476,-1.03691796123,-1.55606986138,0.9474383715260001,0.24076953604499998,-1.63765632968,6.838106422919999,2.29690579272,-0.40077638041999997,-2.4185422110599997,-1.33364722026,-1.8702335587,-2.79856335163,-0.7153096294769999,0.9428662703280001,-4.018007255280001,-0.599659761423,-0.170096729706,4.21685760936,-0.6700530820239999,-0.305995321648,-0.118525093847,-0.550527426499,-5.88800124406,-1.11815902784,-0.682506085281,-0.585651897231,3.5837636365900005,1.6307429044100001,1.16568695683,0.53568359009,3.95564521579,0.848437458556,1.23835156214,-0.0937190447967,-0.7737612797579999,-3.7482104815300006,3.39677043051,4.22421988798,1.0414077429700002,-0.257900289163,-3.58727632305,0.837365153713,1.59060369916,0.239128429062,1.8337071150400002,1.01880954923,-2.60639993844,-3.4018618350200005,-1.1713930986399999,0.261206162754,7.685756769389999,2.5055412980900003,3.4715559946699996,1.16145892974,2.0398373350599996,1.3939153486700002,-0.27531850221299997,6.972402839480001,-13.745453686,-1.0393130589
BCL2L11,0.266426791153,2.40143533152,0.5666389432310001,-0.7707332402399999,4.40954193222,1.14386333328,-0.4122841682,2.47640581945,-0.853533250719,0.173178537184,-0.566508414928,-1.7922003087799998,-3.06274729898,1.9089149768200002,1.48635776905,0.990004960619,-0.973421739879,-0.454389497155,-2.2209319187,-0.9924777993889999,0.18679346775800001,2.46130183278,0.103549667466,-2.02431540267,1.64867045329,2.59178900754,-2.97920269755,-3.6906004556400003,-0.775803051695,1.59844512371,1.4705226481799998,3.28093198972,-2.3355753685,2.41230055334,-0.555572172672,2.61181432773,2.38380875662,1.62810764343,1.86426883884,1.4890010087299999,0.245964471112,-0.860354615904,-0.204347337025,-4.38163589762,-0.134516266828,-0.23006079468600002,1.3878687738100002,-0.732960566751,0.033640594268499996,-1.42824441167,1.0608479129100001,-4.41388095051,-0.127600030954,-0.9170253714059999,-0.469524217534,-1.9691155235099997,0.24892648033300002,5.322700101640001,-0.0625627900454,1.6531853062900002,0.90839250279,0.930656169411,-3.08562791588,-0.253746206383,2.5459482020900004,0.43174385321900005,0.46047047847499994,-1.05485021182,0.415818953237,2.5658915698800002,0.995535295813,0.379946230049,-0.329661075622,0.100258499821,-1.141854984,-0.7716956746100001,0.083240144715,0.46088496909800003,2.8167195616600003,1.26951789338,0.558822257404,-1.5716440115900001,-1.1959678409399999,0.863965366655,-2.46193151545,0.47617659736400003,0.611134513609,-1.8908953114400002,2.44701646661,1.02448171485,1.61619418657,0.664645715647,-0.547036124228,1.1626617712799998,0.5345074177570001,-1.09905706075,1.38710048315,1.41570408243,-0.77773473042,-3.7593023133699996,-8.55924553747,-0.871093289973,2.87009843247,1.23861637422,1.16087928826,-0.700278563418,-2.4908808112200003,0.157824564592,2.2787961045299996,0.288250602974,-1.2355514076799998,1.36740601833
BCORL1,-0.14902966842499998,-1.0906844983700001,-1.07275746224,0.366154044539,0.134112675467,-0.4122841682,0.439546142202,0.7036136785089999,0.0616578157955,2.03624346699,-0.148618214753,-0.488470818206,-0.9072137368500001,2.7376877501599997,1.2996954828799998,0.34994738355599997,3.82597282321,3.97295295373,5.19893737591,1.31955452504,-0.08658773544430001,0.579101603205,1.80027877504,2.3956238251900004,0.601525532954,2.23605940545,0.8679305363150001,-0.346551182492,2.55702357632,0.383233550373,-0.866933014489,1.44700836141,-1.4126830991100001,-5.20496206301,2.43524495128,2.8403271802099996,2.30371268299,1.63439268825,1.3541808324200002,-2.2963628070400004,-0.7630897581910001,0.6259762089850001,-1.57763535268,-0.48097438862899994,0.264963802132,2.46546794778,0.79280400097,-0.698424147997,1.5913361997600002,-1.65485183063,-4.841349613809999,-1.53886189763,-0.142952319247,-0.788592161831,2.0794464269,0.646257807973,0.931158377834,0.298694855401,-0.183339706495,-0.653285866061,1.59777113856,0.8288198805399999,3.4001338369,3.1397253810900003,1.7056370772799998,1.76246116282,0.10146280545299999,-1.24743852259,0.272749589622,-0.941558145965,0.254387672186,-0.49595062782300003,1.5283896338,3.41335591241,-1.06403606065,0.243661100604,0.90010529516,1.31242412622,-0.694461705607,-4.29981266964,-2.9924843432999997,-5.00920483351,-2.33024647492,1.41446577824,-1.69323068766,1.0127888227500002,2.63842394453,1.04106888603,2.73796583528,1.01076771096,-0.262334171291,1.85219275977,-0.693221124227,-0.549597381381,-0.48235528520099996,1.63561686869,0.853935672041,0.515499446811,1.2360753412,1.8044206908900002,-2.08150450978,0.144095624513,0.257955808673,1.0060501157200001,0.0341357202729,-0.421261423028,-2.0762511088499997,0.632655624253,2.9327625881299997,0.507403541089,0.885491329118,-1.65446461783
BCR,-2.8948263293000003,0.5866648239850001,-0.45157677642800004,-1.99169337602,-0.6883107955760001,2.47640581945,0.7036136785089999,-2.52744892498,2.1915668147,1.3521928830599999,-0.981048941757,-1.7773809285,1.8878367761700001,0.342258924494,-0.571096749432,-0.17348951775,-0.715679833592,0.44115599852,3.1639539397600003,-0.132680190951,-0.263988605755,1.9606035445299999,1.72146627133,1.09544159687,0.275509823906,-0.549574113527,-0.7399961377169999,0.341164332428,-1.4580218736300001,2.7378335875300004,0.9994013364669999,-0.3545372692,-0.7229772637690001,-3.0937261950700004,-1.1240944737899998,-1.16861571153,0.13325860602700002,-0.9406235885690001,-0.408526187337,1.6805004374899999,-0.07271617258589999,-0.360880909609,0.527112057676,2.46838877217,-0.215060793914,0.527355765007,-1.9841675465900002,1.3191944077200002,0.48359550422799996,2.35399211944,2.95894439619,-1.0768584722399999,-3.1029445192400003,0.131903084487,1.1929165629,-1.04366444622,-1.35146609632,-0.9234817846660001,0.18381654817899998,-0.340385428306,2.2928205357199998,0.601416595879,-0.265572685888,0.254515624719,1.5751348845200002,0.0506359521715,-3.4978318290699995,-0.48798800544,-1.10861214206,-0.238803982872,-0.854277960111,1.7525007007299997,-0.425929017611,-0.700380321184,-1.5043850199899997,-0.459328197479,1.87958191825,-1.0302058584,0.0792629205412,0.594264976621,1.0253637126100001,3.2662627786000002,2.73745782642,0.6503447101659999,2.8163851033999996,1.0771062924400001,-0.357775196109,0.829572303716,0.8543091254809999,2.06747580538,-0.588341746743,2.64038786136,-0.143023732248,-0.729453956732,0.220589790673,0.188243743225,0.8682690672040001,-1.7314813812599998,0.904824751288,1.4140557835699998,0.0709235181839,-0.462468509212,-0.0286240947542,1.79686013082,0.717884980322,0.9262155871709999,2.6371858726700004,1.18983533676,0.7907045140279999,5.19436816208,0.0489094942856,-0.49057499611
BPGM,1.0704243862,-1.3987863327799999,-0.8740863109460001,-0.38809253583400005,1.30756403974,-0.853533250719,0.0616578157955,2.1915668147,1.4211966789500001,1.2943711961700002,0.45706278724,-0.219286370525,-3.55560746684,1.8515059935099998,1.69273514605,-0.14072856972300002,4.114669169669999,2.23312045067,2.8144767861799997,1.65154608949,0.9855014289899999,-0.631541448006,-0.328503978396,-1.7037533912399998,1.45481545019,0.509376385302,1.53416003528,-0.597467099384,1.8336233562400002,-0.8275514872840001,2.20913390118,0.6071399134440001,1.9588921044,0.835324515295,2.58171675311,0.944324841276,0.9306061017730001,2.36632306093,2.9401082151599995,0.365900457836,-0.6859783624169999,0.448223251655,1.8469426985,-4.07324923496,1.47564165326,1.90975109017,0.995872178097,0.522887759156,0.5461287162080001,-4.022752035480001,-4.16010763167,-1.9718724930400002,-0.42720635572800003,-0.150190005439,0.5688940891709999,2.3582094362599997,1.16929170162,-0.266441684771,-1.63297326253,0.00910494319846,-1.17524837761,1.67724799711,1.24565720031,1.98844649725,1.13288661676,0.743643903505,2.59696678463,1.36311526716,-0.187055309298,0.957119693905,-0.456590950326,0.8320191508399999,1.15034301316,2.86907461249,0.8189519931929999,0.551976882285,0.561277585737,2.36555803585,2.11416329881,-2.22480982815,-1.01571062749,-2.40783992347,-2.9950594864099997,0.928550017485,-1.3408919208499999,0.932948354078,2.8933517516000005,1.1862031281799998,1.55682991863,0.133637871434,-1.74284595028,0.580861601031,1.61061149955,-0.53981755125,1.7242750019,1.31914179094,0.928384001439,2.8791380169300003,-0.0105446474864,-1.68502163597,-3.9103783540699997,0.432498962985,0.90205610039,-0.38683083449699995,1.06839734132,-1.4706721266299998,-4.2864744534699994,-0.165732221495,0.731073853367,-3.10297797444,0.686112880732,0.646589878477
CBARP,0.7552524038639999,1.02133897513,-0.19819006211100001,-2.26548075179,0.0261647712927,0.173178537184,2.03624346699,1.3521928830599999,1.2943711961700002,1.3646601988,-0.986378956768,0.0877494665922,-4.21062439136,0.7811443944959999,2.17519089063,1.7264031491599998,0.783626342468,1.09265546724,-0.757233225671,0.296592760503,1.1558844189700002,-0.560553345943,-0.25465963826099997,-1.53911400501,-0.0326661214294,2.82435565379,-1.8265123175599998,1.11980373516,-0.0739057095422,-4.23767803764,1.4709664893399998,1.6971406295700002,4.18589306266,4.353319502380001,-0.107564203792,-3.3326394990099995,-1.7740865560199999,-0.590620081276,-0.768320309528,0.63918048589,-0.8912716109029999,0.0021394654674700003,0.7307859158050001,-0.642521949523,2.25688756543,1.9316037858200001,0.0869899284095,-2.11427645884,0.232984924573,-4.191120355430001,-1.9605184366,0.965885826971,-1.8276834033000002,-1.7313631408400003,-1.15088422269,2.7365222942900003,1.3938604588799999,-7.308187916839999,-0.804941468757,1.8430283378599999,-0.338146625602,0.428303936992,1.8135126507,1.69799102759,-1.41482780034,-0.624128734332,1.9493097871400002,3.3526930502999996,-1.3497877205000002,-1.4028713438799998,-2.0913747678599997,-1.13649966333,2.8346078442500002,1.61671648859,1.7723847298299997,-1.05157197003,-1.08656214469,1.4063895944299998,-4.38436974672,-2.60440929098,-2.9039861844800003,0.746222649721,0.378446244411,0.0691415430523,1.7402191615,-1.5185568298199998,-0.0882034233878,1.9336900167099997,-1.13187660557,0.0029426478729,-0.5126814271769999,-1.9621316424000002,0.6460171408259999,-1.41293118321,3.66801353708,-3.5043946202,1.9510555161400003,2.74805244019,-1.42593163292,-3.8155261495699997,-7.115548769330001,-0.8831433499670001,1.02478868116,2.5280961145,-0.679721543998,0.12609593625999999,-0.89995634895,0.739791375037,-3.3666616315,-1.94512449695,4.22050039492,-2.1922344871400004
FOXL2NB,-0.526182966136,-0.474317387629,-0.230417721358,0.6864215425460001,1.2102620956,-0.566508414928,-0.148618214753,-0.981048941757,0.45706278724,-0.986378956768,2.0680260600200002,-1.5108171073199999,-0.601441215984,-0.38757007119900005,0.5199909953840001,0.193902215672,-0.224891122873,-0.510002003434,-1.6212510765900001,0.100028385994,-0.657185028414,-1.91097347862,-1.2124323379000002,1.06294551425,-1.92056141088,0.806195121299,1.279779721,0.182207653262,-2.25771039488,-0.920984796333,-2.12928635861,-2.56211002437,-3.0002988075099997,2.13392570257,0.10816307207900001,-0.86988266933,-3.25135292453,-2.62354012913,1.77933186588,0.44036790076000004,-0.65169972478,-0.25297409038,1.66961357368,1.7333106173099997,-0.501259842262,-0.8705016693019999,-1.508573765,-0.501463449234,1.02173958127,-0.40620431293399994,-2.30001724621,1.40248429917,-1.7729970764900003,0.22549425985399998,-0.532876604714,-0.0142250150407,-0.906164563918,-5.79688068108,-1.9940917938299998,-1.2086933582,-2.82784655189,-0.8924712278679999,0.8535317128300001,-0.575663925946,-3.81501055256,-1.9993500901499999,-1.8232710565999999,-1.1998847385299998,-1.5437562969,-0.11341899789999998,-0.48288180290399996,-2.895589261,-0.67789527912,-1.4433512569999998,-0.8781797417849999,-1.41156398,-0.760680399413,-0.454712236252,-0.0487395046201,-1.71641644685,-0.0217852663187,1.8517579601400003,0.471296677383,-1.4037648673700003,-0.633324418134,-0.0180368119104,-0.9517749165639999,-3.6087701151699996,-1.06530451425,-3.3093844669599997,3.2201100437700005,-1.2160750949299999,-1.47472814192,-1.66978210288,-0.751505912789,-0.511718862791,-0.538929772176,-1.15237146939,-2.1561061782,-2.7021870556700005,1.26629695485,-1.84197355632,-1.82169981968,0.151198810043,-2.8973608435000004,-1.662171721,0.36640526201800006,-1.57775748918,-0.623245625505,-1.8661207841799998,-6.84731375695,-4.22937435258
CBFA2T3,-1.4697811141400001,-3.5391858026099996,0.027706499523,-0.07369279285619999,-1.2535149875799998,-1.7922003087799998,-0.488470818206,-1.7773809285,-0.219286370525,0.0877494665922,-1.5108171073199999,8.72450766495,1.7613553614500002,-0.0938767027018,1.5196605733500002,3.4673027854000003,-1.59778172533,1.2318879523200001,5.30830204171,1.6444062292500001,-1.18493339369,2.8127563608200004,0.152263248456,0.0328921179874,-0.68940279732,1.36002519914,1.07669908713,-1.63184727568,-3.25586760622,2.30879920653,-0.189085024338,-1.9537129546,-1.23280291335,-9.174221893810001,-0.684039103512,-5.569536390160001,-4.05292376959,-3.42578980326,-1.39936588118,-0.986482476157,-2.68954053004,0.09642006455669999,-0.077063145992,1.4527084896200002,0.7245061099850001,-0.5214070487520001,-3.69158135051,0.572788867232,1.7080011497299998,-3.10556509182,1.1561901483900001,1.38664381183,-5.72946611913,-2.0602557955700003,-1.6991070748600001,1.78702745431,-0.07319680208599999,4.470722349090001,-2.26308540854,-5.25465118744,-5.514990361980001,2.7160997196,0.178177780685,0.0363111857599,-2.48166331803,0.09360626024520001,0.7994003087279999,-1.64357464803,-0.9855322578129999,-4.2944400235,-1.8417163624700001,7.413065639310001,0.442442977636,-1.39000128072,-10.4352874298,0.20058836463399998,0.200369826946,1.7561323405900002,-6.60285797408,-2.5358412962,-1.39441349206,0.264093505936,-0.81724557856,-0.175603069019,-0.9739592342360001,3.1512131347500003,-0.6319172862899999,-2.6229338437400003,-2.8742847761,-0.41303351950499995,1.5996273941699999,0.501349203687,-1.33577968671,-2.92682620387,-1.20197224644,-5.407539166189999,-1.60932490436,1.43027928427,-3.56803378323,-0.7029567623790001,-0.42725005959299994,-0.242434952359,1.05962252581,2.70388093832,-0.10126781715500001,-0.325909199595,1.49124657935,-0.178478893254,-1.8484145106099998,0.191603607685,-3.2993605044200005,-0.63959683671
CBL,-1.1657256134899998,0.124589994331,0.9973764986079999,-0.230833552443,2.05268206322,-3.06274729898,-0.9072137368500001,1.8878367761700001,-3.55560746684,-4.21062439136,-0.601441215984,1.7613553614500002,5.823363024380001,0.492630930551,0.465893923245,0.645373255941,5.69156771184,3.01188877477,0.163421983997,1.6035910237399997,2.18374084998,-3.67758315691,-2.31808168686,-11.924197069100002,-0.878919209287,0.441530485729,2.62807797427,-1.65879966878,3.15137930244,-6.25419046369,1.4678034841299998,0.756999782209,3.64456064625,0.523815606698,4.3947052721399995,0.36256329904,-0.165623033067,1.84468644653,0.639047177029,-2.0279327553299997,-0.167307706179,0.296893488208,-1.19724977179,-2.22369688072,0.24638873634199998,-1.2254777168100002,1.7306235433500001,-1.41628435085,-0.939602877374,-3.3397656263999997,-4.46583248426,-1.4281301133700002,3.2902569690099996,-1.30930640465,-0.455728963756,3.15783346056,2.9282685000599997,-2.4785113766699998,-0.403694682636,3.36917451303,-4.27726509661,-0.247724785827,2.3410094891499997,3.7503812998000003,0.0465989907286,2.6957323831599997,1.47200895845,2.4844850398099996,0.972988416502,-1.26821275428,-0.161419880513,-0.795386357529,1.46049868599,4.24964792486,-5.63929633171,-1.3838152856200001,-1.12734495536,1.89668502127,-3.64668538601,-1.4395899558899998,-3.13392868446,-5.06109948839,-9.29276630486,0.42744623655599995,-8.87402891928,-2.43677155098,2.64061161652,0.942666491673,2.4677429538099998,-2.97050903662,-5.08629660118,-2.96981377394,1.84329115471,-0.486200605529,0.46902889288099997,4.41877443425,1.48526455602,1.4073926165900001,-1.3929047446899998,-0.876390132403,-7.8482989208100005,0.8297920155859999,2.24140917433,1.3561435234700001,0.650743592843,-12.5880075951,-17.3736768542,-2.65723305508,0.509624255954,-5.63361008241,1.9840670776299998,-0.6509825507029999
CDKN1A,0.658735575308,0.290321313204,0.0294423097677,-0.38917424891,0.711160588191,1.9089149768200002,2.7376877501599997,0.342258924494,1.8515059935099998,0.7811443944959999,-0.38757007119900005,-0.0938767027018,0.492630930551,-0.10331963219000001,1.29875385927,1.04314421831,1.0932000304,1.3575431391100001,-1.0798166756899998,-0.0316675319522,1.3664563416799997,1.5917547079799998,1.11834347457,-0.331625986837,3.3593195532099998,2.48091786592,-0.09207522330769999,0.28054241561500004,2.32336472542,-0.903927000475,-2.4125614472,0.672135906758,3.45932342802,-6.41980596764,-0.981508526578,0.342153761348,0.389540893603,1.6628848056799999,1.13783135461,0.955983904254,-1.0616684699799999,0.7937053147669999,1.4356938377000001,1.8461933492400002,2.4459068195099998,1.07419265499,2.05074643833,1.95013195086,-0.605272989101,-0.260218138973,-0.819399005108,0.42413789674099994,-0.0618765176702,-0.561764856225,0.636691672101,2.18746949853,0.640449055143,-2.49362302409,0.0707684714482,-1.3907902024799998,1.1003275893100002,1.0894122759799998,-1.69659470056,-0.97329453591,1.94294218468,0.314399111658,3.6233240240599995,1.7252426694099998,0.27436825626,-0.397537779195,1.37442186643,1.06214654204,3.5399512616300006,1.2730180016500001,1.0342972402700001,-0.21259633972300002,2.13856983735,1.8555636348700002,1.01804507526,-0.530546718496,-2.31885725051,1.42624101317,2.56207464985,1.0877226677200003,3.70522217616,1.4507475572400002,-0.581712560664,0.5399505447640001,2.55596885232,1.8520736667,-2.7332106659299997,1.25874649436,0.44840467616999996,0.349870414533,0.64869044782,3.20736542013,1.34325768861,4.14400724813,1.4709715425499998,1.01001868697,-3.32107599066,0.229376138592,-1.8257117616599998,-0.201616313349,1.08535718835,0.496195586277,2.28577431065,2.5105333042,0.36546948076499997,0.770926114688,0.116581528265,3.9805134720899997
CDKN1B,1.92244375634,-0.42856253899700003,0.0842532169456,0.963286150891,-0.230426799965,1.48635776905,1.2996954828799998,-0.571096749432,1.69273514605,2.17519089063,0.5199909953840001,1.5196605733500002,0.465893923245,1.29875385927,0.178086910319,0.706050967413,-0.43505532126100005,1.35536827536,0.9502986955089999,0.683637052595,0.6043448349080001,1.7125617290200001,1.19097493158,-0.740178330994,3.00022535955,2.3989700610900004,-0.156000585943,0.505817550352,1.17570764811,2.77851898199,-0.21603700865699998,1.34945857416,1.99037961368,-1.71734033463,1.21136762593,1.0653747649299998,1.4185960145299998,0.626620476311,1.20579382346,0.634159315548,-1.36218674022,-0.883496612136,1.3255802672299999,1.0171776785,1.0413676929200002,0.738952679262,0.8206874268719999,2.0812612020400003,1.4389047703400002,1.6372666699399998,0.728808979084,-1.63429725965,2.59655947754,0.43548774384800004,1.74840488163,0.36428689392499997,1.69622067188,1.2769768048899999,1.31237756855,-0.310525179464,3.15496779333,0.5267252756790001,-0.306718109858,1.42957262001,3.52319416871,0.9022625473450001,0.371752334221,0.206197561031,-0.5194607700330001,1.45102318657,0.546513615225,2.14024344606,1.9235912033200002,1.70434729257,2.0149240236900003,0.143641896636,0.9720776155840001,1.10940220905,0.326737351587,2.63715408365,1.79781706148,0.874633011656,-0.11543176250800001,0.22253628595400002,0.8605959628030001,1.6505885684900001,0.873955542393,1.98406122878,1.69330444301,1.0150189706200001,-1.85567467865,2.95476736935,3.68128933715,0.197741596338,1.27994287977,2.2415360680500003,0.209483160022,1.4330084685299997,1.7996889867299999,0.413875742704,-0.738477139637,-0.689477995106,0.814190039339,1.24165917147,0.981861668267,0.206332179908,1.04047107589,1.31132422477,1.86116049868,0.9227288965200001,3.7430323411199997,1.14563007659
CDKN1C,-0.47830452162500003,1.1720376863600002,0.995864646225,0.819255765064,1.1458749060100002,0.990004960619,0.34994738355599997,-0.17348951775,-0.14072856972300002,1.7264031491599998,0.193902215672,3.4673027854000003,0.645373255941,1.04314421831,0.706050967413,1.35253308576,1.42845598061,1.5459899234399999,-0.17776368372200002,0.333204548178,-0.37136223915,1.32610340185,1.4929146822600001,-0.6528245893379999,2.35403676509,1.77452051692,0.176525748199,-1.4292219363799998,2.20040120896,1.6805773667800001,-1.44939533983,0.17165538704100003,3.12758301454,1.80220785966,0.7458047535819999,0.223728552964,0.6454752934870001,1.0839126797799998,1.42725802879,0.306085933766,-1.3935554823700003,0.458976734782,2.9436067037,1.04438509886,1.02188255461,1.7624104244299998,1.8580731156599999,1.8053932994400002,-0.282522527188,1.05413307851,0.505183675694,0.121866736687,2.24684958165,0.95012532001,0.445093018726,1.57524609528,1.2427864563700002,-2.23393307468,0.21723764259300002,2.0032213533000003,1.85410354153,-2.18452330652,-1.5275413573899999,-1.1789292195299999,2.21178426958,0.625725870876,2.6221379093,1.6741416098800002,1.1084365197900001,2.46823862805,0.722295636779,0.44648307072800003,2.37145704162,1.38101777893,3.48997891564,-0.034889223649599996,0.34765295090899995,1.2854546312700001,2.84029512264,1.06081881821,1.38860463907,1.7173527131200002,0.502745311629,2.30194862952,1.5051156828499999,1.12144190832,0.691716874703,2.2331969910900002,1.84317832874,0.487631470069,-1.41230017896,0.0218025839762,-1.1616787714899999,1.61007532835,-0.29054433760000004,0.552063400437,1.18255160412,1.57242573412,1.7286879338499999,1.04274300375,-0.610321044637,-0.273361023223,-0.8021894097390001,1.6658616548899998,0.165892975959,0.20540816620299998,0.787108563646,0.266534739927,1.7388648687900001,1.1310826833299998,1.57470011028,0.194308195861
CEBPA,-1.7661578492900003,0.0701113525357,3.7968373389199996,0.548554514394,-0.567031642313,-0.973421739879,3.82597282321,-0.715679833592,4.114669169669999,0.783626342468,-0.224891122873,-1.59778172533,5.69156771184,1.0932000304,-0.43505532126100005,1.42845598061,2.59348766361,-1.74205536887,0.137461116689,0.563291125619,-0.9218971508120001,6.077383889530001,-1.14018889446,6.8644050314100005,-1.18347550757,-2.2357444502400003,3.31152046523,1.70364596486,-0.368382705392,3.44897605802,-1.69592895648,-3.93148443999,0.488858049761,3.82203653624,-1.4668099352700001,-1.6659300799799999,-1.03034862205,0.12785553708,-1.05674788956,1.24785090561,1.61626597338,0.401593249987,-1.3542362865600002,8.32395759651,-2.07031721485,-2.0043660819499998,-1.0916941419600001,-2.62403517153,-1.4063497715200002,3.8424956041400002,1.7596299080000002,3.0907142506299996,1.68651440488,-0.9111470394050001,-0.7409441648980001,0.623718447372,-1.9514299878099999,10.0700847052,-0.20278951120900002,0.11922745735099999,5.79215647456,-1.7128909962999999,-6.021211688639999,-8.50218667199,-0.9560863636460001,0.942249956838,-2.0073508048299997,-1.2585976565,-0.00705709738964,3.8795022529,-0.0754808875105,0.796232838749,-1.3627627580000001,-1.10137221217,0.896178279293,1.8878572463599999,0.0171817463527,0.0788063505838,-1.42991341655,-1.3012933391700001,1.9637321806,1.7513427745599996,3.05766310741,-3.03720276958,0.320449460363,-1.7885901178099999,-0.248858098133,0.883247974356,2.03690763068,-1.8908924856599998,3.4236277241799997,2.95423102135,-5.23520952838,-2.38481970407,-0.76972692698,-1.3984790502700002,-2.59356263831,-1.8485233049,2.02248872166,3.9485741007,7.8331646749,0.910283634973,-1.5761137422799998,-0.532024531724,-0.0426990413901,-1.29161580579,1.90378015445,-0.987376416435,-2.40130458042,0.226468541659,-9.82665101834,2.71697158458
CEBPB,-0.281501748931,0.8290789586920001,0.489197907867,0.427007116828,0.04873323146919999,-0.454389497155,3.97295295373,0.44115599852,2.23312045067,1.09265546724,-0.510002003434,1.2318879523200001,3.01188877477,1.3575431391100001,1.35536827536,1.5459899234399999,-1.74205536887,0.13027211715099998,-1.3455708368500001,0.471173854692,0.16945515344599998,3.32878348322,0.5307952310899999,0.255195915261,1.5144648876299998,1.1139639635,0.06072485932519999,2.51501690509,-0.247448378977,0.342713118398,0.880575734008,0.58742573779,2.13520371304,5.81060618229,-0.8380769878200001,0.6842933337809999,0.737262302719,-0.288962872594,0.767551218662,1.8708530517099997,-0.34619344040399996,-0.8961312889059999,-1.5636860156299999,2.7754429150599997,1.19400044075,-0.6950347672660001,-0.13541377697,-0.764108754871,0.0755886755831,-0.11847811845100001,6.36287794362,-2.70349902554,-0.280477997277,-1.56125011525,0.309285974418,-1.6932964614,0.238482813202,3.6135702620199996,1.7447914976199999,1.06660464143,6.734497397,-1.3873366901100002,-3.32547623356,-2.8442388516,1.9206482392,1.1737630878799998,-2.10211051241,0.0435716243669,-0.248761394591,1.53671272458,0.157527423216,2.0227385148,0.14774989528899998,-1.25423949193,1.6814649026800002,-0.575276942612,1.74673891849,0.461140753962,-1.7223064235799999,0.8645467793960001,0.790139418661,1.66638795345,5.12932363565,0.264521383095,3.99818429884,-1.14358038009,-0.0161825648271,4.44694568892,1.30999899342,2.91507599079,-0.7410813136419999,2.3538113676299997,-0.342317574848,-0.313932500409,0.8474247053820001,-1.1073225988,-0.367482946042,-0.404220306701,3.0995807891400005,3.24490998898,2.00182232525,0.646982387294,0.853096022205,-0.40355556125200004,0.022796509445599997,0.6250391665389999,4.531909119730001,1.9746075577200002,-0.027338554142200003,2.78695878633,4.04794562173,-0.601854505461
CEBPE,-1.20601441696,3.1759417655599997,0.913129885687,-0.488533350931,-1.7394698096099999,-2.2209319187,5.19893737591,3.1639539397600003,2.8144767861799997,-0.757233225671,-1.6212510765900001,5.30830204171,0.163421983997,-1.0798166756899998,0.9502986955089999,-0.17776368372200002,0.137461116689,-1.3455708368500001,-1.10113788168,-0.923635031983,0.45726673981000004,5.18850156496,-0.884894393009,1.57572575334,1.6376618498700002,1.85085521634,3.60073692176,4.3726292103099995,-0.157672350117,-1.41816167402,1.52188999542,1.86634848832,4.0889364297,1.52635132628,-4.77007991349,-0.164094765006,-0.473770841544,0.493332926108,-1.05748500072,1.71419181689,1.0253099995200001,-0.0864576079823,-2.42658142798,2.62093276383,0.398817627341,-1.41988362484,-0.195191819741,-0.137724902864,-2.37437903682,2.1361685868799998,1.59771841456,-3.5890217443699997,5.03869833081,-2.4048244273400003,-0.524767655602,-1.93279567533,-1.22190159309,8.112668533310002,4.16372892547,1.64096723056,5.55505333401,-4.398921240980001,-1.29251152076,-1.0909259747600002,0.5429271152290001,0.0863796140203,0.953635571048,3.1077055736299997,-0.211217795663,2.6203648631200003,-0.767173389953,5.24140267038,0.057220806047,-1.3278226267,6.83574140005,1.34142261293,1.9696721836200002,1.8277727461200002,-3.2947260536400003,-2.3068085368599998,0.655147445792,-0.213240931256,4.80523848945,-1.09217340936,3.80318857205,-0.22725384226300002,0.222570551401,7.186707799410001,1.0493070065,-2.22383108909,3.8213616422000003,0.0693897828598,-1.4298819881799998,3.17912562125,2.85095621485,-2.67147851962,-0.647642771548,0.0174643775864,6.031387677490001,5.56819114709,4.24024326749,0.531446633551,-0.12762283590600002,-0.96364200271,1.26253959573,1.65440655261,1.9209190815700001,1.7991223013099997,-1.45431157195,-1.33398970959,8.288154133799999,-0.032547442883
CELF2,-1.84214850354,1.79341380042,0.459236595674,0.741507768028,0.6645251784589999,-0.9924777993889999,1.31955452504,-0.132680190951,1.65154608949,0.296592760503,0.100028385994,1.6444062292500001,1.6035910237399997,-0.0316675319522,0.683637052595,0.333204548178,0.563291125619,0.471173854692,-0.923635031983,-1.88674076033,-0.913707179116,-0.9610294877269999,-0.633327538638,2.1899031182499997,1.17485960045,0.663530408536,0.313434942067,-0.750135470253,1.55506651756,-0.30783868841999995,1.5414127295700002,0.495288220695,-1.55554267368,1.60585989736,-0.778234374237,0.815134543346,1.1733291193200002,-0.048384447631099996,0.666422584711,1.61537234236,-0.012448112169,-1.16731832229,-0.510820128852,2.37971432947,-1.7132035344999998,-0.297778750394,-0.67562038265,-0.051242955800000003,-0.0833912368709,-0.481560176567,1.46336900912,-1.64774294194,0.6136679130120001,1.0905309970200001,0.9448476606489999,-0.39847051036,-0.380009144303,2.04718675162,0.299786091284,0.46915669567400003,2.4579968695099996,-0.287622930379,-1.1430532567899998,-0.118332157541,1.7297323148599997,1.4806458349200002,0.46907175880900004,0.19768144253800002,-1.66786694783,2.15333880035,-0.25248304510200004,1.6574817404100002,-0.3804465125,-1.2931228766299998,3.08216491805,0.17390763125300002,0.09197980715639999,-0.731377630854,-0.662565985171,0.984931982949,2.10387688594,0.929093882463,0.5110922404980001,-0.345966237932,0.895371814145,0.837943670384,-0.0346233048284,0.20391832046500002,0.877064344632,2.1744090401599996,-1.3208344537,1.03809344296,0.32993775122499996,1.51922086012,-0.304143688048,1.9233960034200002,-0.0329331732575,-0.19775293726100002,0.889322900867,1.53306522905,2.6241613530000003,-0.773476547742,1.69938287482,1.7422073081599998,1.2259220073000001,0.647072417202,1.4545738677000002,-0.643041340633,0.700424044315,1.6103962286200002,1.66207105283,0.656887282488
CITED1,0.282428100502,-1.08087397433,-1.94055773843,-0.6985536382009999,-0.152336759265,0.18679346775800001,-0.08658773544430001,-0.263988605755,0.9855014289899999,1.1558844189700002,-0.657185028414,-1.18493339369,2.18374084998,1.3664563416799997,0.6043448349080001,-0.37136223915,-0.9218971508120001,0.16945515344599998,0.45726673981000004,-0.913707179116,-3.41727841856,1.6494953864300002,0.602709099919,0.441763133856,0.841749563881,0.9673349882819999,-0.540333198601,-0.24525474017700002,0.353487262738,1.06686340859,-1.15419170466,-0.7241702556309999,0.599194957518,-1.3095133038200002,0.402913796448,-1.0063509477600001,-0.280134559846,0.255714812489,0.288669188402,0.313546573539,-1.0884444468899999,-0.618454347244,0.232087093748,1.48854480158,0.0307789405865,0.304577890503,-0.335883315004,0.0317661131216,0.9362749487180001,-0.468317846161,-0.43446847193099997,-1.9784092754299998,-3.28379538997,0.456614602833,0.749758815591,-0.8877655311799999,0.0683492151252,-0.12881655360400002,-2.58005139679,-0.29887648005199996,2.33516683192,1.17648013535,-0.962741400927,-0.986324398725,0.37656696901500003,0.461341730238,1.3757373675,-1.4727940770899999,0.143967890555,0.395740087578,-0.425858641853,-0.504194984799,0.189464801549,0.08814341287969998,1.13570753823,0.339452521954,0.043953990761000004,-0.475294123457,0.041184207956300005,0.853824602245,0.403723944969,1.52065642056,2.6687786523700003,0.118275350831,1.68674307995,0.230517830928,-0.0568983888705,2.0989025462,2.04700651442,2.2970238033099997,-2.29060789737,1.0494707320399999,0.566800610758,-0.790822977625,1.2709650775299999,-1.9689293834700001,0.331271665786,0.185242863165,-1.1192345531399999,-1.0611910315000002,-0.420617560695,-0.476929915322,0.882198002298,0.818365637591,-0.477883544695,1.5460035597400001,1.77166682618,1.47808983132,-0.23506231896899998,2.12652308376,4.83874233829,-1.7631093724900002
